#V3.30
#C North Sea/Skagerrak/Eastern Channel Cod
#
26 #_styr
100 #_endyr
1 #_nseas
12 #_months_per_seas
2 #_Nsubseasons
1 #_spawn_month
1 #_Nsexes
25 #_Nages
1 #_N_areas
3 #_Nfleets
#_fleetinfo
#_type	surveytiming	area	units	need_catch_mult	fleetname
1	-1	1	1	0	Fishery	#_1
3	 1	1	2	0	Survey 	#_2
3	 1	1	2	0	env    	#_3
#_Catch data
#_year	season	fleet	catch	catch_se
 -999	1	1	        0	 0.01	#_1         
    1	1	1	        0	 0.01	#_2         
    2	1	1	        0	 0.01	#_3         
    3	1	1	        0	 0.01	#_4         
    4	1	1	        0	 0.01	#_5         
    5	1	1	        0	 0.01	#_6         
    6	1	1	        0	 0.01	#_7         
    7	1	1	        0	 0.01	#_8         
    8	1	1	        0	 0.01	#_9         
    9	1	1	        0	 0.01	#_10        
   10	1	1	        0	 0.01	#_11        
   11	1	1	        0	 0.01	#_12        
   12	1	1	        0	 0.01	#_13        
   13	1	1	        0	 0.01	#_14        
   14	1	1	        0	 0.01	#_15        
   15	1	1	        0	 0.01	#_16        
   16	1	1	        0	 0.01	#_17        
   17	1	1	        0	 0.01	#_18        
   18	1	1	        0	 0.01	#_19        
   19	1	1	        0	 0.01	#_20        
   20	1	1	        0	 0.01	#_21        
   21	1	1	        0	 0.01	#_22        
   22	1	1	        0	 0.01	#_23        
   23	1	1	        0	 0.01	#_24        
   24	1	1	        0	 0.01	#_25        
   25	1	1	        0	 0.01	#_26        
   26	1	1	339169000	0.005	#_27        
   27	1	1	301966000	0.005	#_28        
   28	1	1	269509000	0.005	#_29        
   29	1	1	241869000	0.005	#_30        
   30	1	1	221134000	0.005	#_31        
   31	1	1	207077000	0.005	#_32        
   32	1	1	195498000	0.005	#_33        
   33	1	1	191800000	0.005	#_34        
   34	1	1	187312000	0.005	#_35        
   35	1	1	183228000	0.005	#_36        
   36	1	1	184055000	0.005	#_37        
   37	1	1	195672000	0.005	#_38        
   38	1	1	199948000	0.005	#_39        
   39	1	1	200068000	0.005	#_40        
   40	1	1	199086000	0.005	#_41        
   41	1	1	200149000	0.005	#_42        
   42	1	1	199871000	0.005	#_43        
   43	1	1	193013000	0.005	#_44        
   44	1	1	188777000	0.005	#_45        
   45	1	1	193731000	0.005	#_46        
   46	1	1	202968000	0.005	#_47        
   47	1	1	210146000	0.005	#_48        
   48	1	1	216478000	0.005	#_49        
   49	1	1	218847000	0.005	#_50        
   50	1	1	220769000	0.005	#_51        
   51	1	1	215336000	0.005	#_52        
   52	1	1	205360000	0.005	#_53        
   53	1	1	197872000	0.005	#_54        
   54	1	1	189842000	0.005	#_55        
   55	1	1	182672000	0.005	#_56        
   56	1	1	177214000	0.005	#_57        
   57	1	1	174096000	0.005	#_58        
   58	1	1	176699000	0.005	#_59        
   59	1	1	181632000	0.005	#_60        
   60	1	1	183467000	0.005	#_61        
   61	1	1	183422000	0.005	#_62        
   62	1	1	186594000	0.005	#_63        
   63	1	1	193290000	0.005	#_64        
   64	1	1	203701000	0.005	#_65        
   65	1	1	217274000	0.005	#_66        
   66	1	1	229911000	0.005	#_67        
   67	1	1	229592000	0.005	#_68        
   68	1	1	219126000	0.005	#_69        
   69	1	1	204186000	0.005	#_70        
   70	1	1	193121000	0.005	#_71        
   71	1	1	192535000	0.005	#_72        
   72	1	1	188401000	0.005	#_73        
   73	1	1	184546000	0.005	#_74        
   74	1	1	181822000	0.005	#_75        
   75	1	1	178360000	0.005	#_76        
   76	1	1	168812000	0.005	#_77        
   77	1	1	158775000	0.005	#_78        
   78	1	1	149912000	0.005	#_79        
   79	1	1	151135000	0.005	#_80        
   80	1	1	165181000	0.005	#_81        
   81	1	1	176964000	0.005	#_82        
   82	1	1	188258000	0.005	#_83        
   83	1	1	198038000	0.005	#_84        
   84	1	1	199268000	0.005	#_85        
   85	1	1	204582000	0.005	#_86        
   86	1	1	206530000	0.005	#_87        
   87	1	1	207477000	0.005	#_88        
   88	1	1	206387000	0.005	#_89        
   89	1	1	201313000	0.005	#_90        
   90	1	1	198220000	0.005	#_91        
   91	1	1	191553000	0.005	#_92        
   92	1	1	183362000	0.005	#_93        
   93	1	1	175859000	0.005	#_94        
   94	1	1	167170000	0.005	#_95        
   95	1	1	163502000	0.005	#_96        
   96	1	1	164060000	0.005	#_97        
   97	1	1	173608000	0.005	#_98        
   98	1	1	180319000	0.005	#_99        
   99	1	1	184797000	0.005	#_100       
  100	1	1	181904000	0.005	#_101       
-9999	0	0	        0	    0	#_terminator
#_CPUE_and_surveyabundance_observations
#_Units:  0=numbers; 1=biomass; 2=F; >=30 for special types
#_Errtype:  -1=normal; 0=lognormal; >0=T
#_SD_Report: 0=no sdreport; 1=enable sdreport
#_Fleet	Units	Errtype	SD_Report
1	 1	 0	0	#_Fishery
2	 1	 0	0	#_Survey 
3	36	-1	0	#_env    
#
#_CPUE_data
#_year	seas	index	obs	se_log
   62	1	2	2445150000	0.1	#_1         
   64	1	2	2875550000	0.1	#_2         
   66	1	2	2450300000	0.1	#_3         
   68	1	2	2171760000	0.1	#_4         
   70	1	2	2208600000	0.1	#_5         
   72	1	2	2256500000	0.1	#_6         
   74	1	2	2173890000	0.1	#_7         
   76	1	2	2108390000	0.1	#_8         
   78	1	2	1904370000	0.1	#_9         
   80	1	2	2114850000	0.1	#_10        
   82	1	2	2922490000	0.1	#_11        
   84	1	2	2616130000	0.1	#_12        
   86	1	2	2700020000	0.1	#_13        
   88	1	2	2519720000	0.1	#_14        
   90	1	2	2280610000	0.1	#_15        
   92	1	2	2134670000	0.1	#_16        
   94	1	2	1871550000	0.1	#_17        
   96	1	2	2089610000	0.1	#_18        
   98	1	2	2312410000	0.1	#_19        
  100	1	2	2238410000	0.1	#_20        
   70	1	3	 -0.748992	0.7	#_21        
   71	1	3	  -1.36642	0.7	#_22        
   72	1	3	  -1.04082	0.7	#_23        
   73	1	3	   -1.4346	0.7	#_24        
   74	1	3	  0.440082	0.7	#_25        
   75	1	3	  0.452274	0.7	#_26        
   76	1	3	  0.830232	0.7	#_27        
   77	1	3	  0.151696	0.7	#_28        
   78	1	3	   1.08552	0.7	#_29        
   79	1	3	 -0.723572	0.7	#_30        
   80	1	3	 -0.175112	0.7	#_31        
   81	1	3	  0.605637	0.7	#_32        
   82	1	3	  0.451342	0.7	#_33        
   83	1	3	 -0.370577	0.7	#_34        
   84	1	3	 -0.494468	0.7	#_35        
   85	1	3	 0.0294985	0.7	#_36        
   86	1	3	  -1.21835	0.7	#_37        
   87	1	3	  -2.43367	0.7	#_38        
   88	1	3	  0.272343	0.7	#_39        
   89	1	3	 -0.781292	0.7	#_40        
   90	1	3	-0.0732761	0.7	#_41        
   91	1	3	-0.0914307	0.7	#_42        
   92	1	3	  0.550545	0.7	#_43        
   93	1	3	-0.0996407	0.7	#_44        
   94	1	3	  0.347211	0.7	#_45        
   95	1	3	  -1.00118	0.7	#_46        
   96	1	3	 -0.892878	0.7	#_47        
   97	1	3	   1.08804	0.7	#_48        
   98	1	3	   1.48186	0.7	#_49        
   99	1	3	  0.142761	0.7	#_50        
  100	1	3	  0.882487	0.7	#_51        
-9999	0	0	         0	  0	#_terminator
0 #_N_discard_fleets
#_discard_units (1=same_as_catchunits(bio/num); 2=fraction; 3=numbers)
#_discard_errtype:  >0 for DF of T-dist(read CV below); 0 for normal with CV; -1 for normal with se; -2 for lognormal
#
#_discard_fleet_info
#
#_discard_data
#
#_meanbodywt
0 #_use_meanbodywt
 #_DF_for_meanbodywt_T-distribution_like
#
#_population_length_bins
2 # length bin method: 1=use databins; 2=generate from binwidth,min,max below; 3=read vector
1 # binwidth for population size comp
10 # minimum size in the population (lower edge of first bin and size at age 0.00)
200 # maximum size in the population (lower edge of last bin)
1 #_use_lencomp
#
#_len_info
#_mintailcomp	addtocomp	combine_M_F	CompressBins	CompError	ParmSelect	minsamplesize
-1	1e-10	0	0	0	0	    1	#_Fishery
-1	1e-10	0	0	0	0	    1	#_Survey 
-1	0.001	0	0	0	0	0.001	#_env    
45 #_N_lbins
#_lbin_vector
20 23 26 29 32 35 38 41 44 47 50 53 56 59 62 65 68 71 74 77 80 83 86 89 92 95 98 101 104 107 110 113 116 119 122 125 128 131 134 137 140 143 146 149 152 #_lbin_vector
#
#_lencomp
#_Yr	Seas	FltSvy	Gender	Part	Nsamp	l20	l23	l26	l29	l32	l35	l38	l41	l44	l47	l50	l53	l56	l59	l62	l65	l68	l71	l74	l77	l80	l83	l86	l89	l92	l95	l98	l101	l104	l107	l110	l113	l116	l119	l122	l125	l128	l131	l134	l137	l140	l143	l146	l149	l152
   26	1	1	0	0	 50	0	0	0	0	0	0	0	0	0	0	0	0	0	0	0	 0	0	 0	0	 0	 0	 0	 0	 2	2	4	 3	 3	 3	3	1	6	2	4	2	3	7	3	1	0	0	1	0	0	0	#_1         
   27	1	1	0	0	 50	0	0	0	0	0	0	0	0	0	0	0	0	0	0	0	 0	0	 0	0	 0	 0	 1	 3	 2	2	4	 4	 2	 5	3	1	2	6	3	1	2	5	0	1	0	2	1	0	0	0	#_2         
   28	1	1	0	0	 50	0	0	0	0	0	0	0	0	0	0	0	0	0	0	0	 0	0	 0	0	 0	 1	 2	 0	 1	3	4	 5	 2	 1	1	6	5	4	0	2	2	2	2	3	1	1	0	1	0	1	#_3         
   29	1	1	0	0	 50	0	0	0	0	0	0	0	0	0	0	0	0	0	0	0	 0	0	 0	0	 0	 0	 0	 0	 1	4	3	 6	 3	 6	9	3	3	1	0	2	0	4	2	0	1	1	0	0	0	1	#_4         
   30	1	1	0	0	 50	0	0	0	0	0	0	0	0	0	0	0	0	0	0	0	 0	0	 0	0	 0	 1	 1	 3	 0	7	2	 3	 1	 4	4	3	5	5	1	2	2	2	1	1	0	2	0	0	0	0	#_5         
   31	1	1	0	0	 50	0	0	0	0	0	0	0	0	0	0	0	0	0	0	0	 0	0	 0	0	 0	 0	 0	 1	 6	1	2	 2	 2	 6	2	6	2	2	2	3	3	1	5	1	1	0	1	0	0	1	#_6         
   32	1	1	0	0	 50	0	0	0	0	0	0	0	0	0	0	0	0	0	0	0	 0	0	 0	1	 0	 0	 3	 4	 1	4	4	 4	 1	 7	2	4	3	2	1	3	2	0	2	2	0	0	0	0	0	0	#_7         
   33	1	1	0	0	 50	0	0	0	0	0	0	0	0	0	0	0	0	0	0	0	 0	0	 0	0	 0	 0	 1	 2	 2	3	4	 4	 5	 7	4	4	2	1	3	2	0	1	0	4	0	1	0	0	0	0	#_8         
   34	1	1	0	0	 50	0	0	0	0	0	0	0	0	0	0	0	0	0	0	0	 0	0	 0	0	 0	 1	 1	 3	 2	4	6	 5	 5	 3	4	2	6	3	1	2	0	0	2	0	0	0	0	0	0	0	#_9         
   35	1	1	0	0	 50	0	0	0	0	0	0	0	0	0	0	0	0	0	0	0	 0	1	 0	0	 0	 1	 0	 2	 5	3	4	 5	 0	 6	6	5	0	3	2	0	2	1	1	1	0	2	0	0	0	0	#_10        
   36	1	1	0	0	 50	0	0	0	0	0	0	0	0	0	0	0	0	0	0	0	 0	0	 0	0	 4	 0	 2	 3	 6	2	2	 2	 2	 2	3	2	4	3	1	5	0	3	0	3	0	0	0	0	1	0	#_11        
   37	1	1	0	0	 50	0	0	0	0	0	0	0	0	0	0	0	0	0	0	0	 0	0	 0	0	 0	 1	 1	 2	 3	4	4	 4	 5	 2	7	3	3	3	2	1	1	1	0	2	1	0	0	0	0	0	#_12        
   38	1	1	0	0	 50	0	0	0	0	0	0	0	0	0	0	0	0	0	0	0	 0	0	 0	0	 0	 2	 0	 4	 4	7	1	 5	 4	 4	2	1	2	1	1	3	3	2	1	1	1	0	0	1	0	0	#_13        
   39	1	1	0	0	 50	0	0	0	0	0	0	0	0	0	0	0	0	0	0	0	 0	0	 1	0	 0	 0	 2	 1	 1	5	1	 4	 5	 3	4	5	5	1	1	4	3	1	0	1	0	0	1	1	0	0	#_14        
   40	1	1	0	0	 50	0	0	0	0	0	0	0	0	0	0	0	0	0	0	0	 0	0	 0	0	 0	 1	 3	 2	 3	3	2	 5	 5	 2	1	5	3	7	1	2	2	2	0	0	1	0	0	0	0	0	#_15        
   41	1	1	0	0	 50	0	0	0	0	0	0	0	0	0	0	0	0	0	0	0	 0	0	 0	0	 1	 0	 0	 3	 0	3	3	 4	 4	 7	3	4	1	2	4	2	2	1	2	1	3	0	0	0	0	0	#_16        
   42	1	1	0	0	 50	0	0	0	0	0	0	0	0	0	0	0	0	0	0	0	 0	0	 0	0	 0	 0	 0	 0	 2	5	4	 7	 5	 5	2	2	1	5	2	1	3	4	1	0	1	0	0	0	0	0	#_17        
   43	1	1	0	0	 50	0	0	0	0	0	0	0	0	0	0	0	0	0	0	0	 0	0	 0	0	 0	 0	 0	 1	 3	5	2	 5	 4	 3	6	3	5	1	2	2	0	4	1	1	0	0	0	2	0	0	#_18        
   44	1	1	0	0	 50	0	0	0	0	0	0	0	0	0	0	0	0	0	0	0	 0	0	 0	0	 2	 0	 2	 0	 4	1	2	 3	 2	 3	6	5	3	3	3	4	1	0	3	0	0	0	0	2	0	1	#_19        
   45	1	1	0	0	 50	0	0	0	0	0	0	0	0	0	0	0	0	0	0	0	 0	0	 0	0	 0	 0	 2	 3	 2	4	5	 3	 0	 4	4	2	1	3	4	3	2	3	3	0	0	1	0	0	0	1	#_20        
   46	1	1	0	0	 50	0	0	0	0	0	0	0	0	0	0	0	0	0	0	0	 0	0	 0	0	 1	 2	 3	 2	 0	5	3	 7	 6	 5	4	2	5	0	0	2	0	0	2	1	0	0	0	0	0	0	#_21        
   47	1	1	0	0	 50	0	0	0	0	0	0	0	0	0	0	0	0	0	0	0	 0	0	 0	0	 0	 0	 0	 3	 4	3	3	 3	 2	 9	6	7	1	2	2	1	0	2	0	0	0	0	2	0	0	0	#_22        
   48	1	1	0	0	 50	0	0	0	0	0	0	0	0	0	0	0	0	0	0	0	 0	0	 0	0	 1	 0	 2	 3	 3	2	2	 3	 4	 3	4	4	5	4	1	1	3	3	1	0	0	0	0	1	0	0	#_23        
   49	1	1	0	0	 50	0	0	0	0	0	0	0	0	0	0	0	0	0	0	0	 0	0	 1	0	 0	 1	 0	 3	 2	5	6	 4	 4	 3	2	2	8	0	3	2	1	0	1	1	1	0	0	0	0	0	#_24        
   50	1	1	0	0	 50	0	0	0	0	0	0	0	0	0	0	0	0	0	0	0	 0	0	 0	0	 0	 1	 2	 2	 3	2	7	 3	 7	 2	3	3	5	2	2	1	0	2	3	0	0	0	0	0	0	0	#_25        
   51	1	1	0	0	 50	0	0	0	0	0	0	0	0	0	0	0	0	0	0	0	 0	0	 0	0	 0	 0	 1	 0	 1	2	6	 7	 4	 6	5	1	4	2	1	1	3	4	1	0	0	1	0	0	0	0	#_26        
   52	1	1	0	0	 50	0	0	0	0	0	0	0	0	0	0	0	0	0	0	0	 0	0	 1	0	 0	 0	 1	 4	 4	2	4	 5	 4	 1	1	1	7	1	4	2	2	3	1	1	0	0	1	0	0	0	#_27        
   53	1	1	0	0	 50	0	0	0	0	0	0	0	0	0	0	0	0	0	0	0	 0	0	 0	0	 0	 2	 0	 1	 2	3	2	 5	 4	 5	5	3	3	2	1	2	1	1	1	2	2	1	0	1	1	0	#_28        
   54	1	1	0	0	 50	0	0	0	0	0	0	0	0	0	0	0	0	0	0	0	 0	0	 0	0	 0	 2	 1	 1	 3	3	4	 1	 6	 2	6	5	1	0	3	4	1	1	2	2	2	0	0	0	0	0	#_29        
   55	1	1	0	0	 50	0	0	0	0	0	0	0	0	0	0	0	0	0	0	0	 0	0	 0	0	 2	 1	 3	 1	 3	1	7	 5	 1	 3	2	4	3	3	2	2	3	0	3	1	0	0	0	0	0	0	#_30        
   56	1	1	0	0	 50	0	0	0	0	0	0	0	0	0	0	0	0	0	0	0	 0	1	 0	0	 0	 0	 2	 0	 1	5	8	 1	 5	 1	1	3	2	1	4	6	1	2	1	1	1	1	1	0	0	1	#_31        
   57	1	1	0	0	 50	0	0	0	0	0	0	0	0	0	0	0	0	0	0	0	 0	0	 0	0	 1	 1	 1	 2	 5	4	4	 4	 7	 1	1	4	3	4	1	0	1	2	1	1	1	1	0	0	0	0	#_32        
   58	1	1	0	0	 50	0	0	0	0	0	0	0	0	0	0	0	0	0	0	0	 0	0	 0	0	 0	 0	 1	 4	 7	5	5	 8	 4	 3	1	2	1	1	0	0	3	3	1	0	0	0	0	1	0	0	#_33        
   59	1	1	0	0	 50	0	0	0	0	0	0	0	0	0	0	0	0	0	0	0	 0	0	 0	0	 1	 0	 1	 1	 3	2	6	 3	 5	 4	3	3	1	3	6	1	1	1	3	1	1	0	0	0	0	0	#_34        
   60	1	1	0	0	 50	0	0	0	0	0	0	0	0	0	0	0	0	0	0	0	 0	0	 0	0	 0	 1	 0	 0	 2	4	5	 6	 3	 5	4	2	2	3	4	2	2	1	2	1	0	0	0	1	0	0	#_35        
   61	1	1	0	0	 50	0	0	0	0	0	0	0	0	0	0	0	0	0	0	0	 0	0	 0	0	 0	 1	 1	 4	 1	3	5	 5	 1	 4	1	3	5	2	1	4	4	1	1	1	1	1	0	0	0	0	#_36        
   62	1	1	0	0	 50	0	0	0	0	0	0	0	0	0	0	0	0	0	0	0	 0	0	 0	0	 0	 0	 3	 1	 5	6	3	 5	 5	 5	6	4	1	1	2	1	0	1	0	0	0	0	0	0	0	1	#_37        
   63	1	1	0	0	 50	0	0	0	0	0	0	0	0	0	0	0	0	0	0	0	 0	0	 0	0	 1	 0	 0	 4	 4	5	3	 4	 2	 1	4	7	6	3	2	0	0	0	1	2	1	0	0	0	0	0	#_38        
   64	1	1	0	0	 50	0	0	0	0	0	0	0	0	0	0	0	0	0	0	0	 0	0	 0	1	 0	 0	 6	 1	 5	1	2	 6	 6	 2	2	4	3	3	2	2	0	0	2	0	0	0	1	1	0	0	#_39        
   65	1	1	0	0	 50	0	0	0	0	0	0	0	0	0	0	0	0	0	0	0	 0	0	 0	0	 0	 0	 1	 4	 1	3	3	 6	 3	 8	4	4	4	1	2	0	2	1	1	1	0	1	0	0	0	0	#_40        
   66	1	1	0	0	 50	0	0	0	0	0	0	0	0	0	0	0	0	0	0	0	 0	0	 0	0	 0	 1	 0	 5	 5	3	4	 4	 6	 5	2	2	1	2	3	2	1	1	1	0	0	1	0	1	0	0	#_41        
   67	1	1	0	0	 50	0	0	0	0	0	0	0	0	0	0	0	0	0	0	0	 0	0	 0	1	 0	 0	 3	 1	 3	2	5	 4	 4	 7	3	3	3	1	3	3	0	1	1	1	0	1	0	0	0	0	#_42        
   68	1	1	0	0	 50	0	0	0	0	0	0	0	0	0	0	0	0	0	0	0	 0	0	 1	0	 0	 1	 0	 0	 3	2	4	 5	 4	 8	3	2	4	1	2	1	2	2	2	2	0	1	0	0	0	0	#_43        
   69	1	1	0	0	 50	0	0	0	0	0	0	0	0	0	0	0	0	0	0	0	 0	0	 0	0	 1	 0	 2	 1	 2	4	5	 4	 2	 1	5	6	4	5	2	1	0	1	0	1	1	2	0	0	0	0	#_44        
   70	1	1	0	0	 50	0	0	0	0	0	0	0	0	0	0	0	0	0	0	0	 0	0	 0	0	 0	 0	 0	 2	 3	5	2	 4	 1	 6	3	3	5	3	4	3	4	0	1	0	0	0	0	0	0	1	#_45        
   71	1	1	0	0	 50	0	0	0	0	0	0	0	0	0	0	0	0	0	0	0	 0	0	 0	1	 0	 1	 1	 0	 2	5	3	 7	 6	 2	3	3	4	3	2	1	1	2	1	0	0	0	2	0	0	0	#_46        
   72	1	1	0	0	 50	0	0	0	0	0	0	0	0	0	0	0	0	0	0	0	 0	0	 0	0	 0	 1	 2	 1	 0	4	0	 8	 3	 3	7	0	2	4	1	3	2	4	0	2	0	2	1	0	0	0	#_47        
   73	1	1	0	0	 50	0	0	0	0	0	0	0	0	0	0	0	0	0	0	0	 0	0	 0	0	 1	 0	 0	 1	 6	2	6	 4	 4	 6	4	2	4	4	2	2	0	1	0	1	0	0	0	0	0	0	#_48        
   74	1	1	0	0	 50	0	0	0	0	0	0	0	0	0	0	0	0	0	0	0	 0	0	 0	0	 1	 1	 1	 2	 1	5	4	 3	 3	 3	4	3	6	2	2	5	2	0	0	0	0	0	1	0	1	0	#_49        
   75	1	1	0	0	 50	0	0	0	0	0	0	0	0	0	0	0	0	0	0	0	 0	0	 0	0	 0	 0	 0	 2	 5	6	7	 5	 3	 3	0	0	5	3	3	0	1	2	2	0	1	1	0	1	0	0	#_50        
   76	1	1	0	0	 50	0	0	0	0	0	0	0	0	0	0	0	0	0	0	0	 0	0	 0	0	 0	 1	 0	 3	 0	3	8	 6	 1	 4	3	3	2	3	5	0	2	1	1	1	1	1	0	1	0	0	#_51        
   77	1	1	0	0	 50	0	0	0	0	0	0	0	0	0	0	0	0	0	0	0	 0	0	 0	0	 1	 0	 0	 0	 3	5	4	 3	 4	 4	1	2	3	1	4	3	2	6	2	0	1	0	0	0	0	1	#_52        
   78	1	1	0	0	 50	0	0	0	0	0	0	0	0	0	0	0	0	0	0	0	 0	0	 0	0	 0	 0	 2	 4	 1	4	3	 0	 2	 6	1	5	3	4	3	1	3	1	4	0	0	0	1	1	0	1	#_53        
   79	1	1	0	0	 50	0	0	0	0	0	0	0	0	0	0	0	0	0	0	0	 0	0	 0	0	 0	 0	 1	 3	 3	4	1	 6	 1	 2	4	3	5	2	7	3	1	3	0	0	1	0	0	0	0	0	#_54        
   80	1	1	0	0	 50	0	0	0	0	0	0	0	0	0	0	0	0	0	0	0	 0	0	 1	0	 0	 1	 3	 3	 3	3	4	 6	 1	 2	2	4	2	5	2	0	0	2	0	1	2	1	1	1	0	0	#_55        
   81	1	1	0	0	 50	0	0	0	0	0	0	0	0	0	0	0	0	0	0	0	 0	0	 0	1	 1	 1	 2	 3	 4	6	1	 5	 5	 2	5	5	1	1	2	0	0	0	2	1	0	0	1	0	0	1	#_56        
   82	1	1	0	0	 50	0	0	0	0	0	0	0	0	0	0	0	0	0	0	0	 0	0	 0	0	 0	 1	 2	 2	 0	5	8	 1	 7	 2	6	2	2	4	2	3	0	1	1	0	1	0	0	0	0	0	#_57        
   83	1	1	0	0	 50	0	0	0	0	0	0	0	0	0	0	0	0	0	0	0	 0	0	 0	0	 0	 0	 2	 0	 2	7	2	 8	 3	 1	3	4	4	6	1	2	4	0	0	0	0	0	0	1	0	0	#_58        
   84	1	1	0	0	 50	0	0	0	0	0	0	0	0	0	0	0	0	0	0	0	 0	0	 0	0	 0	 1	 0	 1	 4	6	1	 3	 7	 3	6	3	5	1	4	0	1	2	0	0	0	1	0	1	0	0	#_59        
   85	1	1	0	0	 50	0	0	0	0	0	0	0	0	0	0	0	0	0	0	0	 0	0	 0	0	 0	 1	 4	 0	 2	8	4	 4	 4	 7	1	2	6	1	3	1	0	1	0	0	0	0	0	0	1	0	#_60        
   86	1	1	0	0	 50	0	0	0	0	0	0	0	0	0	0	0	0	0	0	0	 0	0	 0	0	 0	 0	 1	 3	 2	3	9	 2	 6	 6	6	3	0	3	0	2	0	0	1	2	1	0	0	0	0	0	#_61        
   87	1	1	0	0	 50	0	0	0	0	0	0	0	0	0	0	0	0	0	0	0	 0	0	 0	0	 1	 0	 2	 4	 5	2	3	 6	 3	 4	3	3	2	2	3	3	0	2	1	0	1	0	0	0	0	0	#_62        
   88	1	1	0	0	 50	0	0	0	0	0	0	0	0	0	0	0	0	0	0	0	 0	0	 0	0	 1	 1	 1	 1	 4	4	1	 8	 4	 4	3	1	4	3	3	0	0	1	2	1	1	2	0	0	0	0	#_63        
   89	1	1	0	0	 50	0	0	0	0	0	0	0	0	0	0	0	0	0	0	0	 0	0	 0	1	 1	 0	 0	 3	 3	2	6	 3	 3	 3	3	3	5	3	1	3	0	1	2	3	0	0	0	0	1	0	#_64        
   90	1	1	0	0	 50	0	0	0	0	0	0	0	0	0	0	0	0	0	0	0	 0	0	 0	0	 0	 0	 1	 0	 4	3	7	 5	 4	 4	6	3	1	1	4	1	2	3	0	0	1	0	0	0	0	0	#_65        
   91	1	1	0	0	 50	0	0	0	0	0	0	0	0	0	0	0	0	0	0	0	 0	0	 0	0	 0	 1	 3	 1	 3	4	4	 3	 7	 2	3	3	6	2	3	3	1	0	1	0	0	0	0	0	0	0	#_66        
   92	1	1	0	0	 50	0	0	0	0	0	0	0	0	0	0	0	0	0	0	0	 0	0	 0	0	 0	 0	 2	 1	 1	4	2	 3	10	 3	3	4	1	4	0	1	4	2	1	3	1	0	0	0	0	0	#_67        
   93	1	1	0	0	 50	0	0	0	0	0	0	0	0	0	0	0	0	0	0	0	 0	0	 0	0	 0	 1	 1	 2	 2	6	4	 6	 3	 4	4	2	1	1	3	2	3	2	0	0	1	1	0	0	1	0	#_68        
   94	1	1	0	0	 50	0	0	0	0	0	0	0	0	0	0	0	0	0	0	0	 0	0	 0	0	 0	 0	 1	 3	 3	3	3	 4	 4	 3	6	2	3	2	2	1	1	3	1	1	0	1	1	1	0	1	#_69        
   95	1	1	0	0	 50	0	0	0	0	0	0	0	0	0	0	0	0	0	0	0	 0	0	 0	0	 1	 1	 1	 1	 5	2	5	 6	 5	 2	0	5	1	2	5	3	0	1	1	1	1	1	0	0	0	0	#_70        
   96	1	1	0	0	 50	0	0	0	0	0	0	0	0	0	0	0	0	0	0	0	 0	0	 0	0	 0	 1	 2	 3	 4	6	2	 4	 3	 3	6	4	2	3	2	0	0	2	2	1	0	0	0	0	0	0	#_71        
   97	1	1	0	0	 50	0	0	0	0	0	0	0	0	0	0	0	0	0	0	0	 0	0	 0	0	 0	 0	 3	 4	 3	5	3	 4	 3	 3	4	5	0	3	1	2	2	2	1	0	1	1	0	0	0	0	#_72        
   98	1	1	0	0	 50	0	0	0	0	0	0	0	0	0	0	0	0	0	0	0	 0	0	 0	0	 0	 1	 2	 1	 4	1	7	 6	 5	 4	6	0	1	4	3	1	1	1	0	0	0	0	1	0	1	0	#_73        
   99	1	1	0	0	 50	0	0	0	0	0	0	0	0	0	0	0	0	0	0	0	 0	0	 0	0	 1	 0	 1	 3	 3	1	5	 4	 7	 4	6	4	2	1	5	1	0	0	1	0	0	0	1	0	0	0	#_74        
  100	1	1	0	0	 50	0	0	0	0	0	0	0	0	0	0	0	0	0	0	0	 0	0	 0	1	 0	 0	 1	 1	 3	2	4	 7	 6	 5	3	3	3	2	2	0	4	1	2	0	0	0	0	0	0	0	#_75        
   62	1	2	0	0	100	0	0	0	0	0	0	0	0	0	0	0	2	2	1	4	10	3	 6	1	 7	 8	 5	 6	 4	4	2	13	 2	 5	0	2	2	1	1	2	2	2	0	0	1	0	0	1	1	0	#_76        
   64	1	2	0	0	100	0	0	0	0	0	0	0	0	0	0	1	3	0	3	5	 6	5	 8	4	 9	 5	 4	 4	 6	4	2	 6	 4	 6	0	1	3	3	1	0	4	0	2	1	0	0	0	0	0	0	#_77        
   66	1	2	0	0	100	0	0	0	0	0	0	0	0	0	0	0	0	0	2	0	 2	4	 2	4	 5	11	12	11	 6	4	0	 9	 4	 8	2	1	3	3	1	1	1	0	1	0	1	0	1	0	1	0	#_78        
   68	1	2	0	0	100	0	0	0	0	0	0	0	0	1	0	0	1	2	3	2	 4	3	 1	6	 5	 4	 0	 3	 7	9	9	 7	 2	 4	6	3	1	3	5	2	0	2	1	2	1	0	0	1	0	0	#_79        
   70	1	2	0	0	100	0	0	0	0	0	0	0	0	0	0	0	1	1	2	3	 5	4	14	2	 6	 1	 3	 5	 5	3	3	 6	 5	 4	4	3	5	4	1	3	1	1	2	1	0	0	1	1	0	0	#_80        
   72	1	2	0	0	100	0	0	0	0	0	0	0	0	0	0	0	0	3	4	7	 0	3	 6	6	 4	 7	 5	 3	 6	4	3	 4	 4	 8	4	3	2	2	3	1	2	1	2	1	1	0	0	1	0	0	#_81        
   74	1	2	0	0	100	0	0	0	0	0	0	0	0	0	0	0	0	1	1	2	 3	4	 3	4	 4	 8	 6	 6	10	2	5	 7	 5	 7	1	5	3	4	2	1	0	0	2	1	1	1	1	0	0	0	#_82        
   76	1	2	0	0	100	0	0	0	0	0	0	0	0	1	0	0	1	0	1	2	 5	4	 7	4	 4	 2	 3	 6	 5	5	3	 6	 2	10	4	2	4	4	4	2	1	0	1	1	2	2	1	1	0	0	#_83        
   78	1	2	0	0	100	0	0	0	0	0	0	0	1	0	0	1	2	2	3	8	13	7	 4	2	 7	 6	 4	 2	 3	0	4	 0	 3	 3	0	1	3	2	7	3	3	3	2	0	0	0	0	1	0	0	#_84        
   80	1	2	0	0	100	0	0	0	0	0	0	0	0	0	0	0	1	0	4	3	 5	7	 5	6	10	 6	 3	 8	 8	3	5	 1	 5	 3	5	0	1	0	3	1	2	1	1	0	2	0	1	0	0	0	#_85        
   82	1	2	0	0	100	0	0	0	0	0	0	0	0	0	0	0	1	0	1	4	 2	6	 4	8	 5	 6	 7	 4	 5	7	7	 3	 5	 3	5	3	0	1	3	1	2	1	2	0	2	0	1	1	0	0	#_86        
   84	1	2	0	0	100	0	0	0	0	0	0	0	0	0	0	0	0	1	3	2	 4	8	 2	5	 4	 9	 3	 6	 6	4	9	 5	 0	 8	4	4	2	3	2	3	0	1	2	0	0	0	0	0	0	0	#_87        
   86	1	2	0	0	100	0	0	0	0	0	0	0	0	0	0	0	0	1	2	3	 2	2	 1	3	 7	10	 5	 3	 6	5	8	 6	 5	 3	1	5	3	2	4	4	3	4	1	1	0	0	0	0	0	0	#_88        
   88	1	2	0	0	100	0	0	0	0	0	0	0	0	0	0	0	1	3	1	4	 2	4	 2	3	 5	 3	 5	 7	 4	5	6	 8	 2	 3	1	4	8	5	6	1	3	2	0	1	1	0	0	0	0	0	#_89        
   90	1	2	0	0	100	0	0	0	0	0	0	0	0	0	0	0	0	1	0	1	 4	4	 6	5	 7	 5	 5	 5	 6	6	7	 6	 4	 4	3	3	1	4	4	6	1	1	1	0	0	0	0	0	0	0	#_90        
   92	1	2	0	0	100	0	0	0	0	0	0	0	0	0	0	0	0	2	2	1	 4	6	 6	3	 4	 3	 5	 2	10	6	7	 3	 3	 3	7	2	4	4	1	1	2	2	4	2	1	0	0	0	0	0	#_91        
   94	1	2	0	0	100	0	0	0	0	0	0	0	0	1	0	0	1	5	2	6	 4	1	 4	4	 1	 3	 6	 4	 7	5	9	 6	 5	 5	2	3	2	1	2	0	2	4	0	2	1	1	1	0	0	0	#_92        
   96	1	2	0	0	100	0	0	0	0	0	0	0	0	0	0	0	1	2	4	2	 5	6	 6	7	 6	 8	 3	 4	 8	2	2	 4	 2	 3	4	3	4	3	1	5	0	1	1	2	1	0	0	0	0	0	#_93        
   98	1	2	0	0	100	0	0	0	0	0	0	0	0	0	0	0	1	0	5	4	 3	3	 5	6	 8	 7	 6	 8	 0	6	3	 3	 6	 4	4	0	1	2	7	3	1	0	1	1	1	1	0	0	0	0	#_94        
  100	1	2	0	0	100	0	0	0	0	0	0	0	0	0	0	0	0	2	2	3	 3	7	 9	8	 5	 3	 4	 9	 5	6	4	 5	 5	 1	3	3	1	1	3	2	1	2	1	0	0	1	0	1	0	0	#_95        
-9999	0	0	0	0	  0	0	0	0	0	0	0	0	0	0	0	0	0	0	0	0	 0	0	 0	0	 0	 0	 0	 0	 0	0	0	 0	 0	 0	0	0	0	0	0	0	0	0	0	0	0	0	0	0	0	0	#_terminator
25 #_N_agebins
#
#_agebin_vector
1 2 3 4 5 6 7 8 9 10 11 12 13 14 15 16 17 18 19 20 21 22 23 24 25 #_agebin_vector
#
#_ageing_error
1 #_N_ageerror_definitions
#_age0	age1	age2	age3	age4	age5	age6	age7	age8	age9	age10	age11	age12	age13	age14	age15	age16	age17	age18	age19	age20	age21	age22	age23	age24	age25
   -1	   -1	   -1	   -1	   -1	   -1	   -1	   -1	   -1	   -1	   -1	   -1	   -1	   -1	   -1	   -1	   -1	   -1	   -1	   -1	   -1	   -1	   -1	   -1	   -1	   -1	#_1
0.001	0.001	0.001	0.001	0.001	0.001	0.001	0.001	0.001	0.001	0.001	0.001	0.001	0.001	0.001	0.001	0.001	0.001	0.001	0.001	0.001	0.001	0.001	0.001	0.001	0.001	#_2
#
#_age_info
#_mintailcomp	addtocomp	combine_M_F	CompressBins	CompError	ParmSelect	minsamplesize
-1	1e-10	0	0	0	0	    1	#_Fishery
-1	1e-10	0	0	0	0	    1	#_Survey 
-1	0.001	0	0	0	0	0.001	#_env    
3 #_Lbin_method: 1=poplenbins; 2=datalenbins; 3=lengths
 #_combine males into females at or below this bin number
#_Yr	Seas	FltSvy	Gender	Part	Ageerr	Lbin_lo	Lbin_hi	Nsamp	a1	a2	a3	a4	a5	a6	a7	a8	a9	a10	a11	a12	a13	a14	a15	a16	a17	a18	a19	a20	a21	a22	a23	a24	a25
   26	1	1	0	0	1	-1	-1	 50	0	0	 0	 1	 1	 4	 7	 8	 8	 4	6	3	3	2	1	1	0	1	0	0	0	0	0	0	0	#_1         
   27	1	1	0	0	1	-1	-1	 50	0	0	 0	 0	 4	 3	 3	 9	 4	 4	7	3	3	1	0	1	2	0	2	0	0	2	0	0	2	#_2         
   28	1	1	0	0	1	-1	-1	 50	0	0	 0	 4	 2	 4	 7	 1	 5	 7	4	2	6	0	2	4	0	2	0	0	0	0	0	0	0	#_3         
   29	1	1	0	0	1	-1	-1	 50	0	0	 0	 2	 2	 6	 4	 2	 4	 6	1	5	6	2	0	2	3	0	1	0	1	0	1	0	2	#_4         
   30	1	1	0	0	1	-1	-1	 50	0	0	 0	 2	 6	 5	 7	 2	 6	 2	5	3	2	3	2	0	0	0	3	1	0	0	0	0	1	#_5         
   31	1	1	0	0	1	-1	-1	 50	0	0	 0	 1	 4	11	 7	 4	 5	 4	1	4	2	1	0	1	0	1	2	1	0	0	0	1	0	#_6         
   32	1	1	0	0	1	-1	-1	 50	0	0	 1	 0	 9	 8	 3	10	 1	 0	5	1	3	1	0	3	2	0	2	1	0	0	0	0	0	#_7         
   33	1	1	0	0	1	-1	-1	 50	0	0	 0	 2	 5	12	10	 2	 5	 3	0	0	3	2	1	0	1	1	1	0	1	0	0	0	1	#_8         
   34	1	1	0	0	1	-1	-1	 50	0	0	 0	 1	 4	12	 8	 8	 5	 3	2	1	0	0	2	1	1	2	0	0	0	0	0	0	0	#_9         
   35	1	1	0	0	1	-1	-1	 50	0	0	 0	 1	 5	 3	12	 7	 5	 1	6	3	2	1	1	0	1	0	0	1	0	0	1	0	0	#_10        
   36	1	1	0	0	1	-1	-1	 50	0	0	 0	 2	 6	 8	 7	 9	 3	 2	1	3	1	1	1	1	1	1	0	0	0	0	0	0	3	#_11        
   37	1	1	0	0	1	-1	-1	 50	0	0	 0	 0	14	12	 7	 4	 5	 2	2	0	2	1	0	0	0	0	0	0	0	0	1	0	0	#_12        
   38	1	1	0	0	1	-1	-1	 50	0	0	 0	 2	 1	15	11	 7	 6	 2	0	1	3	1	0	0	0	0	0	0	0	0	0	0	1	#_13        
   39	1	1	0	0	1	-1	-1	 50	0	0	 0	 3	 6	 4	23	 5	 1	 1	2	2	0	1	0	0	0	0	0	0	1	0	0	0	1	#_14        
   40	1	1	0	0	1	-1	-1	 50	0	0	 0	 2	 2	14	 5	 9	 3	 4	2	1	2	1	0	1	0	0	2	0	1	0	0	0	1	#_15        
   41	1	1	0	0	1	-1	-1	 50	0	0	 0	 1	12	 5	 5	 3	11	 2	3	0	4	1	0	0	1	0	0	0	0	0	0	1	1	#_16        
   42	1	1	0	0	1	-1	-1	 50	0	0	 0	 0	 5	17	 3	 9	 4	 5	2	1	1	0	0	0	0	2	0	0	0	0	0	0	1	#_17        
   43	1	1	0	0	1	-1	-1	 50	0	0	 0	 0	 4	 9	12	 3	 4	 6	4	2	1	2	0	0	2	0	0	0	0	0	0	0	1	#_18        
   44	1	1	0	0	1	-1	-1	 50	0	0	 0	 3	 2	 6	 6	 7	 6	 6	1	4	4	3	0	0	0	0	0	1	0	0	0	0	1	#_19        
   45	1	1	0	0	1	-1	-1	 50	0	0	 0	 4	14	 6	 5	 3	 6	 1	3	0	5	0	0	1	1	0	0	0	0	0	0	0	1	#_20        
   46	1	1	0	0	1	-1	-1	 50	0	0	 0	 2	 4	18	 5	 5	 4	 7	1	1	0	2	0	0	1	0	0	0	0	0	0	0	0	#_21        
   47	1	1	0	0	1	-1	-1	 50	0	0	 0	 2	10	 8	11	 4	 2	 2	4	0	3	1	1	1	0	0	0	0	0	0	1	0	0	#_22        
   48	1	1	0	0	1	-1	-1	 50	0	0	 0	 2	 8	 9	 2	13	 3	 2	4	3	0	0	1	1	0	1	0	1	0	0	0	0	0	#_23        
   49	1	1	0	0	1	-1	-1	 50	0	0	 0	 1	 2	10	10	 6	10	 2	3	0	1	1	0	0	1	2	0	0	0	0	0	0	1	#_24        
   50	1	1	0	0	1	-1	-1	 50	0	0	 0	 1	 3	17	 7	 6	 4	10	1	0	0	0	0	0	1	0	0	0	0	0	0	0	0	#_25        
   51	1	1	0	0	1	-1	-1	 50	0	0	 0	 1	 3	10	 9	 6	 5	 5	8	0	0	0	2	0	0	0	0	0	0	0	1	0	0	#_26        
   52	1	1	0	0	1	-1	-1	 50	0	0	 0	 3	 3	 4	12	 9	 4	 6	2	3	1	1	0	0	0	1	0	1	0	0	0	0	0	#_27        
   53	1	1	0	0	1	-1	-1	 50	0	0	 0	 3	 4	 5	 8	 7	 8	 3	3	1	3	1	0	0	2	0	0	0	0	1	0	1	0	#_28        
   54	1	1	0	0	1	-1	-1	 50	0	0	 0	 1	 3	11	 4	 8	 4	 5	2	6	1	3	1	0	0	0	0	1	0	0	0	0	0	#_29        
   55	1	1	0	0	1	-1	-1	 50	0	0	 0	 1	10	 6	 9	 5	 4	 3	4	0	3	1	0	0	3	0	1	0	0	0	0	0	0	#_30        
   56	1	1	0	0	1	-1	-1	 50	0	0	 0	 1	10	 7	 6	 4	 6	 1	3	3	3	1	1	2	0	1	1	0	0	0	0	0	0	#_31        
   57	1	1	0	0	1	-1	-1	 50	0	0	 0	 4	 9	 4	 7	 2	 8	 1	4	3	2	3	1	2	0	0	0	0	0	0	0	0	0	#_32        
   58	1	1	0	0	1	-1	-1	 50	0	0	 0	 3	 6	10	 7	 3	 7	 4	2	2	3	1	0	1	0	1	0	0	0	0	0	0	0	#_33        
   59	1	1	0	0	1	-1	-1	 50	0	0	 0	 0	 5	18	 7	 6	 3	 1	2	3	0	2	1	0	1	0	1	0	0	0	0	0	0	#_34        
   60	1	1	0	0	1	-1	-1	 50	0	0	 1	 0	 9	 7	16	 2	 3	 2	2	2	0	1	1	0	0	2	1	1	0	0	0	0	0	#_35        
   61	1	1	0	0	1	-1	-1	 50	0	0	 0	 5	 2	14	 9	 4	 6	 2	5	1	1	0	1	0	0	0	0	0	0	0	0	0	0	#_36        
   62	1	1	0	0	1	-1	-1	 50	0	0	 0	 2	14	 6	 5	 7	 7	 3	1	1	1	2	1	0	0	0	0	0	0	0	0	0	0	#_37        
   63	1	1	0	0	1	-1	-1	 50	0	0	 0	 0	 6	13	 3	 8	 5	 6	3	0	0	2	0	0	2	0	1	1	0	0	0	0	0	#_38        
   64	1	1	0	0	1	-1	-1	 50	0	0	 0	 4	 4	12	 6	 7	 5	 1	2	1	3	1	1	2	0	0	0	1	0	0	0	0	0	#_39        
   65	1	1	0	0	1	-1	-1	 50	0	0	 0	 2	12	 9	 9	 5	 4	 2	2	3	0	0	0	1	0	0	0	0	0	0	0	0	1	#_40        
   66	1	1	0	0	1	-1	-1	 50	0	0	 0	 0	 9	 8	16	 7	 6	 1	0	0	1	0	0	1	0	0	0	0	0	0	0	0	1	#_41        
   67	1	1	0	0	1	-1	-1	 50	0	0	 0	 0	 2	10	11	12	 5	 2	1	2	1	1	1	0	0	1	0	0	0	1	0	0	0	#_42        
   68	1	1	0	0	1	-1	-1	 50	0	0	 0	 1	 2	 4	 9	15	 6	 5	5	1	0	1	1	0	0	0	0	0	0	0	0	0	0	#_43        
   69	1	1	0	0	1	-1	-1	 50	0	0	 0	 4	 6	 3	 4	13	 5	 5	2	3	1	0	2	2	0	0	0	0	0	0	0	0	0	#_44        
   70	1	1	0	0	1	-1	-1	 50	0	0	 0	 2	10	10	 2	 5	 6	 4	6	2	1	0	1	0	0	0	0	0	0	1	0	0	0	#_45        
   71	1	1	0	0	1	-1	-1	 50	0	0	 0	 0	 8	 8	 4	 1	 5	 7	4	4	2	2	1	2	0	1	0	0	0	0	0	0	1	#_46        
   72	1	1	0	0	1	-1	-1	 50	0	0	 0	 1	 9	 7	11	 5	 4	 4	4	1	1	2	0	1	0	0	0	0	0	0	0	0	0	#_47        
   73	1	1	0	0	1	-1	-1	 50	0	0	 0	 6	 1	10	10	 4	 5	 2	3	3	1	1	0	2	1	0	0	1	0	0	0	0	0	#_48        
   74	1	1	0	0	1	-1	-1	 50	0	0	 0	 1	 9	 6	 6	 8	 6	 1	0	2	1	2	2	1	1	1	2	0	0	0	0	0	1	#_49        
   75	1	1	0	0	1	-1	-1	 50	0	0	 0	 1	 3	19	 3	 3	10	 3	2	1	0	2	3	0	0	0	0	0	0	0	0	0	0	#_50        
   76	1	1	0	0	1	-1	-1	 50	0	0	 0	 0	 3	 5	16	 5	 9	 7	1	0	1	0	0	0	2	0	0	0	0	1	0	0	0	#_51        
   77	1	1	0	0	1	-1	-1	 50	0	0	 0	 2	 3	 3	 4	13	 2	 6	4	2	1	0	1	3	3	1	1	0	0	0	1	0	0	#_52        
   78	1	1	0	0	1	-1	-1	 50	0	0	 0	 3	 6	 6	 7	 4	14	 1	1	0	2	4	0	1	0	0	1	0	0	0	0	0	0	#_53        
   79	1	1	0	0	1	-1	-1	 50	0	0	 0	 9	 9	 9	 3	 5	 2	 4	1	1	3	0	2	0	0	0	0	0	0	0	0	1	1	#_54        
   80	1	1	0	0	1	-1	-1	 50	0	0	 0	 2	11	10	 2	 4	 5	 5	4	2	1	1	1	0	1	0	1	0	0	0	0	0	0	#_55        
   81	1	1	0	0	1	-1	-1	 50	0	0	 0	 1	 7	16	 6	 3	 4	 0	5	1	3	0	2	0	1	0	0	0	0	0	0	0	1	#_56        
   82	1	1	0	0	1	-1	-1	 50	0	0	 0	 2	 4	10	15	 5	 1	 2	2	1	1	1	1	2	0	0	0	1	0	0	1	1	0	#_57        
   83	1	1	0	0	1	-1	-1	 50	0	0	 0	 0	 9	13	 9	 7	 2	 3	1	0	1	3	0	1	0	1	0	0	0	0	0	0	0	#_58        
   84	1	1	0	0	1	-1	-1	 50	0	0	 0	 2	 6	 9	12	 5	 6	 4	3	1	1	0	1	0	0	0	0	0	0	0	0	0	0	#_59        
   85	1	1	0	0	1	-1	-1	 50	0	0	 0	 4	 7	 5	12	 4	 5	 5	2	2	0	2	0	1	0	1	0	0	0	0	0	0	0	#_60        
   86	1	1	0	0	1	-1	-1	 50	0	0	 0	 2	 5	16	 3	 4	 7	 4	3	3	2	0	0	1	0	0	0	0	0	0	0	0	0	#_61        
   87	1	1	0	0	1	-1	-1	 50	0	0	 0	 2	 4	 9	11	 2	 7	 5	0	4	0	3	0	1	0	0	0	0	0	0	0	0	2	#_62        
   88	1	1	0	0	1	-1	-1	 50	0	0	 1	 0	 3	 9	11	 6	 3	 3	5	4	2	0	1	0	1	0	0	0	0	0	0	1	0	#_63        
   89	1	1	0	0	1	-1	-1	 50	0	0	 1	 3	 2	11	 7	 8	 5	 2	6	0	2	1	0	1	1	0	0	0	0	0	0	0	0	#_64        
   90	1	1	0	0	1	-1	-1	 50	0	0	 0	 2	 7	 2	10	 8	 8	 4	2	1	2	2	0	0	0	0	0	0	2	0	0	0	0	#_65        
   91	1	1	0	0	1	-1	-1	 50	0	0	 0	 1	 5	15	 1	 9	 4	 3	4	3	2	1	1	0	0	0	1	0	0	0	0	0	0	#_66        
   92	1	1	0	0	1	-1	-1	 50	0	0	 0	 1	 5	 4	14	 1	 6	 4	3	5	1	3	1	0	1	0	1	0	0	0	0	0	0	#_67        
   93	1	1	0	0	1	-1	-1	 50	0	0	 0	 3	 6	 1	 8	10	 2	 5	5	4	1	0	1	0	2	1	0	0	0	0	0	0	1	#_68        
   94	1	1	0	0	1	-1	-1	 50	0	0	 1	 3	 3	 7	 8	 3	11	 0	4	4	0	4	2	0	0	0	0	0	0	0	0	0	0	#_69        
   95	1	1	0	0	1	-1	-1	 50	0	0	 0	 3	10	 4	 6	 3	 6	 7	1	5	0	1	2	0	0	0	0	2	0	0	0	0	0	#_70        
   96	1	1	0	0	1	-1	-1	 50	0	0	 0	 2	 5	11	11	 6	 3	 2	1	2	1	2	0	2	0	1	0	0	1	0	0	0	0	#_71        
   97	1	1	0	0	1	-1	-1	 50	0	0	 0	 4	13	 8	 3	 3	 3	 4	3	5	2	1	0	0	0	0	0	0	1	0	0	0	0	#_72        
   98	1	1	0	0	1	-1	-1	 50	0	0	 0	 3	 7	10	11	 7	 2	 2	3	1	2	0	1	0	0	1	0	0	0	0	0	0	0	#_73        
   99	1	1	0	0	1	-1	-1	 50	0	0	 0	 2	 6	15	12	 5	 4	 2	0	0	0	2	0	0	0	1	0	0	1	0	0	0	0	#_74        
  100	1	1	0	0	1	-1	-1	 50	0	0	 0	 6	 4	 7	 9	 7	 5	 2	3	1	2	0	2	0	1	1	0	0	0	0	0	0	0	#_75        
   62	1	2	0	0	1	-1	-1	100	0	0	 5	20	21	13	 5	14	10	 1	4	1	1	0	0	1	2	0	0	1	0	0	1	0	0	#_76        
   64	1	2	0	0	1	-1	-1	100	0	0	 7	32	14	11	13	 8	 4	 2	5	1	1	1	0	1	0	0	0	0	0	0	0	0	0	#_77        
   66	1	2	0	0	1	-1	-1	100	0	0	 0	12	23	23	15	 6	 6	 5	2	0	4	1	0	1	0	0	0	0	1	1	0	0	0	#_78        
   68	1	2	0	0	1	-1	-1	100	0	0	 4	11	 4	15	19	13	17	 5	5	3	2	1	1	0	0	0	0	0	0	0	0	0	0	#_79        
   70	1	2	0	0	1	-1	-1	100	0	0	 2	24	13	17	 2	 5	13	11	5	2	0	0	1	0	3	0	0	2	0	0	0	0	0	#_80        
   72	1	2	0	0	1	-1	-1	100	0	0	12	10	22	 8	16	 9	 1	 6	7	2	1	2	1	3	0	0	0	0	0	0	0	0	0	#_81        
   74	1	2	0	0	1	-1	-1	100	0	0	 4	 8	34	 6	13	11	 6	 4	0	2	3	1	2	0	2	0	0	2	1	0	0	1	0	#_82        
   76	1	2	0	0	1	-1	-1	100	0	0	 8	13	 6	 7	26	 3	 8	 6	8	1	0	4	3	2	4	1	0	0	0	0	0	0	0	#_83        
   78	1	2	0	0	1	-1	-1	100	0	0	16	25	17	 8	 2	 2	 9	 5	3	7	2	0	0	0	1	1	1	0	0	1	0	0	0	#_84        
   80	1	2	0	0	1	-1	-1	100	0	0	 8	18	31	16	 5	 4	 2	 0	6	0	0	1	4	0	1	0	0	2	0	2	0	0	0	#_85        
   82	1	2	0	0	1	-1	-1	100	0	0	 2	28	11	15	15	 7	 4	 7	5	3	0	1	0	1	1	0	0	0	0	0	0	0	0	#_86        
   84	1	2	0	0	1	-1	-1	100	0	0	 7	28	 6	19	12	 8	 7	 4	2	1	2	0	2	0	1	0	0	0	0	0	0	1	0	#_87        
   86	1	2	0	0	1	-1	-1	100	0	0	10	19	12	21	 4	 7	 6	 4	8	3	1	1	0	0	1	0	0	1	1	0	0	0	1	#_88        
   88	1	2	0	0	1	-1	-1	100	0	0	15	 4	16	15	10	15	 3	 7	6	2	2	3	1	0	0	0	0	0	0	0	0	0	1	#_89        
   90	1	2	0	0	1	-1	-1	100	0	1	 4	 7	28	 5	21	 5	 7	 5	2	9	2	1	2	0	0	0	0	0	0	1	0	0	0	#_90        
   92	1	2	0	0	1	-1	-1	100	0	0	 7	14	13	10	14	 7	10	 9	4	1	0	2	1	3	1	4	0	0	0	0	0	0	0	#_91        
   94	1	2	0	0	1	-1	-1	100	0	0	 6	20	16	15	 6	 6	11	 0	7	2	2	5	1	1	0	1	0	0	0	0	0	1	0	#_92        
   96	1	2	0	0	1	-1	-1	100	0	0	 7	26	21	 9	 9	 9	 5	 5	1	0	2	3	1	2	0	0	0	0	0	0	0	0	0	#_93        
   98	1	2	0	0	1	-1	-1	100	0	0	 5	13	18	22	12	 7	 6	 4	2	2	1	2	2	0	1	0	0	1	1	0	0	0	1	#_94        
  100	1	2	0	0	1	-1	-1	100	0	0	 7	24	11	10	16	 8	10	 4	4	2	1	0	1	0	0	0	0	0	1	1	0	0	0	#_95        
-9999	0	0	0	0	0	 0	 0	  0	0	0	 0	 0	 0	 0	 0	 0	 0	 0	0	0	0	0	0	0	0	0	0	0	0	0	0	0	0	#_terminator
#
#_MeanSize_at_Age_obs
0 #_use_MeanSize_at_Age_obs
0 #_N_environ_variables
0 #_N_sizefreq_methods
0 #_do_tags
0 #_morphcomp_data
0 #_use_selectivity_priors
#
999
