#V3.30
#C data file created using the SS_writedat function in the R package r4ss
#C should work with SS version:
#C file write time: 2015-04-27 21:23:15
#
1923 #_styr
2034 #_endyr
1 #_nseas
12 #_months_per_seas
2 #_Nsubseasons
1 #_spawn_month
1 #_Nsexes
40 #_Nages
1 #_N_areas
5 #_Nfleets
#_fleetinfo
#_type	surveytiming	area	units	need_catch_mult	fleetname
1	-1	1	1	0	North    	#_1
1	-1	1	1	0	South    	#_2
3	 1	1	2	0	Triennial	#_3
3	 1	1	2	0	WCGBTS   	#_4
3	 1	1	2	0	env      	#_5
#_Catch data
#_year	season	fleet	catch	catch_se
 1923	1	1	1	0.01	#_1         
 1924	1	1	1	0.01	#_2         
 1925	1	1	1	0.01	#_3         
 1926	1	1	1	0.01	#_4         
 1927	1	1	1	0.01	#_5         
 1928	1	1	1	0.01	#_6         
 1929	1	1	1	0.01	#_7         
 1930	1	1	1	0.01	#_8         
 1931	1	1	1	0.01	#_9         
 1932	1	1	1	0.01	#_10        
 1933	1	1	1	0.01	#_11        
 1934	1	1	1	0.01	#_12        
 1935	1	1	1	0.01	#_13        
 1936	1	1	1	0.01	#_14        
 1937	1	1	1	0.01	#_15        
 1938	1	1	1	0.01	#_16        
 1939	1	1	1	0.01	#_17        
 1940	1	1	1	0.01	#_18        
 1941	1	1	1	0.01	#_19        
 1942	1	1	1	0.01	#_20        
 1943	1	1	1	0.01	#_21        
 1944	1	1	1	0.01	#_22        
 1945	1	1	1	0.01	#_23        
 1946	1	1	1	0.01	#_24        
 1947	1	1	1	0.01	#_25        
 1948	1	1	1	0.01	#_26        
 1949	1	1	1	0.01	#_27        
 1950	1	1	1	0.01	#_28        
 1951	1	1	1	0.01	#_29        
 1952	1	1	1	0.01	#_30        
 1953	1	1	1	0.01	#_31        
 1954	1	1	1	0.01	#_32        
 1955	1	1	1	0.01	#_33        
 1956	1	1	1	0.01	#_34        
 1957	1	1	1	0.01	#_35        
 1958	1	1	1	0.01	#_36        
 1959	1	1	1	0.01	#_37        
 1960	1	1	1	0.01	#_38        
 1961	1	1	1	0.01	#_39        
 1962	1	1	1	0.01	#_40        
 1963	1	1	1	0.01	#_41        
 1964	1	1	1	0.01	#_42        
 1965	1	1	1	0.01	#_43        
 1966	1	1	1	0.01	#_44        
 1967	1	1	1	0.01	#_45        
 1968	1	1	1	0.01	#_46        
 1969	1	1	1	0.01	#_47        
 1970	1	1	1	0.01	#_48        
 1971	1	1	1	0.01	#_49        
 1972	1	1	1	0.01	#_50        
 1973	1	1	1	0.01	#_51        
 1974	1	1	1	0.01	#_52        
 1975	1	1	1	0.01	#_53        
 1976	1	1	1	0.01	#_54        
 1977	1	1	1	0.01	#_55        
 1978	1	1	1	0.01	#_56        
 1979	1	1	1	0.01	#_57        
 1980	1	1	1	0.01	#_58        
 1981	1	1	1	0.01	#_59        
 1982	1	1	1	0.01	#_60        
 1983	1	1	1	0.01	#_61        
 1984	1	1	1	0.01	#_62        
 1985	1	1	1	0.01	#_63        
 1986	1	1	1	0.01	#_64        
 1987	1	1	1	0.01	#_65        
 1988	1	1	1	0.01	#_66        
 1989	1	1	1	0.01	#_67        
 1990	1	1	1	0.01	#_68        
 1991	1	1	1	0.01	#_69        
 1992	1	1	1	0.01	#_70        
 1993	1	1	1	0.01	#_71        
 1994	1	1	1	0.01	#_72        
 1995	1	1	1	0.01	#_73        
 1996	1	1	1	0.01	#_74        
 1997	1	1	1	0.01	#_75        
 1998	1	1	1	0.01	#_76        
 1999	1	1	1	0.01	#_77        
 2000	1	1	1	0.01	#_78        
 2001	1	1	1	0.01	#_79        
 2002	1	1	1	0.01	#_80        
 2003	1	1	1	0.01	#_81        
 2004	1	1	1	0.01	#_82        
 2005	1	1	1	0.01	#_83        
 2006	1	1	1	0.01	#_84        
 2007	1	1	1	0.01	#_85        
 2008	1	1	1	0.01	#_86        
 2009	1	1	1	0.01	#_87        
 2010	1	1	1	0.01	#_88        
 2011	1	1	1	0.01	#_89        
 2012	1	1	1	0.01	#_90        
 2013	1	1	1	0.01	#_91        
 2014	1	1	1	0.01	#_92        
 2015	1	1	1	0.01	#_93        
 2016	1	1	1	0.01	#_94        
 2017	1	1	1	0.01	#_95        
 2018	1	1	1	0.01	#_96        
 2019	1	1	1	0.01	#_97        
 2020	1	1	1	0.01	#_98        
 2021	1	1	1	0.01	#_99        
 2022	1	1	1	0.01	#_100       
 2023	1	1	1	0.01	#_101       
 2024	1	1	1	0.01	#_102       
 2025	1	1	1	0.01	#_103       
 2026	1	1	1	0.01	#_104       
 2027	1	1	1	0.01	#_105       
 2028	1	1	1	0.01	#_106       
 2029	1	1	1	0.01	#_107       
 2030	1	1	1	0.01	#_108       
 2031	1	1	1	0.01	#_109       
 2032	1	1	1	0.01	#_110       
 2033	1	1	1	0.01	#_111       
 2034	1	1	1	0.01	#_112       
 1923	1	2	1	0.01	#_113       
 1924	1	2	1	0.01	#_114       
 1925	1	2	1	0.01	#_115       
 1926	1	2	1	0.01	#_116       
 1927	1	2	1	0.01	#_117       
 1928	1	2	1	0.01	#_118       
 1929	1	2	1	0.01	#_119       
 1930	1	2	1	0.01	#_120       
 1931	1	2	1	0.01	#_121       
 1932	1	2	1	0.01	#_122       
 1933	1	2	1	0.01	#_123       
 1934	1	2	1	0.01	#_124       
 1935	1	2	1	0.01	#_125       
 1936	1	2	1	0.01	#_126       
 1937	1	2	1	0.01	#_127       
 1938	1	2	1	0.01	#_128       
 1939	1	2	1	0.01	#_129       
 1940	1	2	1	0.01	#_130       
 1941	1	2	1	0.01	#_131       
 1942	1	2	1	0.01	#_132       
 1943	1	2	1	0.01	#_133       
 1944	1	2	1	0.01	#_134       
 1945	1	2	1	0.01	#_135       
 1946	1	2	1	0.01	#_136       
 1947	1	2	1	0.01	#_137       
 1948	1	2	1	0.01	#_138       
 1949	1	2	1	0.01	#_139       
 1950	1	2	1	0.01	#_140       
 1951	1	2	1	0.01	#_141       
 1952	1	2	1	0.01	#_142       
 1953	1	2	1	0.01	#_143       
 1954	1	2	1	0.01	#_144       
 1955	1	2	1	0.01	#_145       
 1956	1	2	1	0.01	#_146       
 1957	1	2	1	0.01	#_147       
 1958	1	2	1	0.01	#_148       
 1959	1	2	1	0.01	#_149       
 1960	1	2	1	0.01	#_150       
 1961	1	2	1	0.01	#_151       
 1962	1	2	1	0.01	#_152       
 1963	1	2	1	0.01	#_153       
 1964	1	2	1	0.01	#_154       
 1965	1	2	1	0.01	#_155       
 1966	1	2	1	0.01	#_156       
 1967	1	2	1	0.01	#_157       
 1968	1	2	1	0.01	#_158       
 1969	1	2	1	0.01	#_159       
 1970	1	2	1	0.01	#_160       
 1971	1	2	1	0.01	#_161       
 1972	1	2	1	0.01	#_162       
 1973	1	2	1	0.01	#_163       
 1974	1	2	1	0.01	#_164       
 1975	1	2	1	0.01	#_165       
 1976	1	2	1	0.01	#_166       
 1977	1	2	1	0.01	#_167       
 1978	1	2	1	0.01	#_168       
 1979	1	2	1	0.01	#_169       
 1980	1	2	1	0.01	#_170       
 1981	1	2	1	0.01	#_171       
 1982	1	2	1	0.01	#_172       
 1983	1	2	1	0.01	#_173       
 1984	1	2	1	0.01	#_174       
 1985	1	2	1	0.01	#_175       
 1986	1	2	1	0.01	#_176       
 1987	1	2	1	0.01	#_177       
 1988	1	2	1	0.01	#_178       
 1989	1	2	1	0.01	#_179       
 1990	1	2	1	0.01	#_180       
 1991	1	2	1	0.01	#_181       
 1992	1	2	1	0.01	#_182       
 1993	1	2	1	0.01	#_183       
 1994	1	2	1	0.01	#_184       
 1995	1	2	1	0.01	#_185       
 1996	1	2	1	0.01	#_186       
 1997	1	2	1	0.01	#_187       
 1998	1	2	1	0.01	#_188       
 1999	1	2	1	0.01	#_189       
 2000	1	2	1	0.01	#_190       
 2001	1	2	1	0.01	#_191       
 2002	1	2	1	0.01	#_192       
 2003	1	2	1	0.01	#_193       
 2004	1	2	1	0.01	#_194       
 2005	1	2	1	0.01	#_195       
 2006	1	2	1	0.01	#_196       
 2007	1	2	1	0.01	#_197       
 2008	1	2	1	0.01	#_198       
 2009	1	2	1	0.01	#_199       
 2010	1	2	1	0.01	#_200       
 2011	1	2	1	0.01	#_201       
 2012	1	2	1	0.01	#_202       
 2013	1	2	1	0.01	#_203       
 2014	1	2	1	0.01	#_204       
 2015	1	2	1	0.01	#_205       
 2016	1	2	1	0.01	#_206       
 2017	1	2	1	0.01	#_207       
 2018	1	2	1	0.01	#_208       
 2019	1	2	1	0.01	#_209       
 2020	1	2	1	0.01	#_210       
 2021	1	2	1	0.01	#_211       
 2022	1	2	1	0.01	#_212       
 2023	1	2	1	0.01	#_213       
 2024	1	2	1	0.01	#_214       
 2025	1	2	1	0.01	#_215       
 2026	1	2	1	0.01	#_216       
 2027	1	2	1	0.01	#_217       
 2028	1	2	1	0.01	#_218       
 2029	1	2	1	0.01	#_219       
 2030	1	2	1	0.01	#_220       
 2031	1	2	1	0.01	#_221       
 2032	1	2	1	0.01	#_222       
 2033	1	2	1	0.01	#_223       
 2034	1	2	1	0.01	#_224       
-9999	0	0	0	   0	#_terminator
#_CPUE_and_surveyabundance_observations
#_Units:  0=numbers; 1=biomass; 2=F; >=30 for special types
#_Errtype:  -1=normal; 0=lognormal; >0=T
#_SD_Report: 0=no sdreport; 1=enable sdreport
#_Fleet	Units	Errtype	SD_Report
1	 1	 0	0	#_North    
2	 1	 0	0	#_South    
3	 1	 0	0	#_Triennial
4	 1	 0	0	#_WCGBTS   
5	36	-1	0	#_env      
#
#_CPUE_data
#_year	seas	index	obs	se_log
 1980	1	4	1	0.1	#_si.years.4.1 
 1983	1	4	1	0.1	#_si.years.4.2 
 1986	1	4	1	0.1	#_si.years.4.3 
 1989	1	4	1	0.1	#_si.years.4.4 
 1992	1	4	1	0.1	#_si.years.4.5 
 1995	1	4	1	0.1	#_si.years.4.6 
 1998	1	4	1	0.1	#_si.years.4.7 
 2001	1	4	1	0.1	#_si.years.4.8 
 2004	1	4	1	0.1	#_si.years.4.9 
 2003	1	4	1	0.1	#_si.years.4.10
 2005	1	4	1	0.1	#_si.years.4.11
 2006	1	4	1	0.1	#_si.years.4.12
 2007	1	4	1	0.1	#_si.years.4.13
 2008	1	4	1	0.1	#_si.years.4.14
 2009	1	4	1	0.1	#_si.years.4.15
 2010	1	4	1	0.1	#_si.years.4.16
 2011	1	4	1	0.1	#_si.years.4.17
 2012	1	4	1	0.1	#_si.years.4.18
 2013	1	4	1	0.1	#_si.years.4.19
 2014	1	4	1	0.1	#_si.years.4.20
 2015	1	4	1	0.1	#_si.years.4.21
 2016	1	4	1	0.1	#_si.years.4.22
 2017	1	4	1	0.1	#_si.years.4.23
 2018	1	4	1	0.1	#_si.years.4.24
 2019	1	4	1	0.1	#_si.years.4.25
 2021	1	4	1	0.1	#_si.years.4.26
 2022	1	4	1	0.1	#_si.years.4.27
 1993	1	5	1	0.1	#_si.years.5.1 
 1994	1	5	1	0.1	#_si.years.5.2 
 1995	1	5	1	0.1	#_si.years.5.3 
 1996	1	5	1	0.1	#_si.years.5.4 
 1997	1	5	1	0.1	#_si.years.5.5 
 1998	1	5	1	0.1	#_si.years.5.6 
 1999	1	5	1	0.1	#_si.years.5.7 
 2000	1	5	1	0.1	#_si.years.5.8 
 2001	1	5	1	0.1	#_si.years.5.9 
 2002	1	5	1	0.1	#_si.years.5.10
 2003	1	5	1	0.1	#_si.years.5.11
 2004	1	5	1	0.1	#_si.years.5.12
 2005	1	5	1	0.1	#_si.years.5.13
 2006	1	5	1	0.1	#_si.years.5.14
 2007	1	5	1	0.1	#_si.years.5.15
 2008	1	5	1	0.1	#_si.years.5.16
 2009	1	5	1	0.1	#_si.years.5.17
 2010	1	5	1	0.1	#_si.years.5.18
 2011	1	5	1	0.1	#_si.years.5.19
 2012	1	5	1	0.1	#_si.years.5.20
 2013	1	5	1	0.1	#_si.years.5.21
 2014	1	5	1	0.1	#_si.years.5.22
 2015	1	5	1	0.1	#_si.years.5.23
 2016	1	5	1	0.1	#_si.years.5.24
 2017	1	5	1	0.1	#_si.years.5.25
 2018	1	5	1	0.1	#_si.years.5.26
 2019	1	5	1	0.1	#_si.years.5.27
 2020	1	5	1	0.1	#_si.years.5.28
 2021	1	5	1	0.1	#_si.years.5.29
 2022	1	5	1	0.1	#_si.years.5.30
-9999	0	0	0	  0	#_terminator   
0 #_N_discard_fleets
#_discard_units (1=same_as_catchunits(bio/num); 2=fraction; 3=numbers)
#_discard_errtype:  >0 for DF of T-dist(read CV below); 0 for normal with CV; -1 for normal with se; -2 for lognormal
#
#_discard_fleet_info
#
#_discard_data
#
#_meanbodywt
0 #_use_meanbodywt
 #_DF_for_meanbodywt_T-distribution_like
#
#_population_length_bins
2 # length bin method: 1=use databins; 2=generate from binwidth,min,max below; 3=read vector
2 # binwidth for population size comp
2 # minimum size in the population (lower edge of first bin and size at age 0.00)
78 # maximum size in the population (lower edge of last bin)
1 #_use_lencomp
#
#_len_info
#_mintailcomp	addtocomp	combine_M_F	CompressBins	CompError	ParmSelect	minsamplesize
-1	0.001	0	0	0	0	 0.01	#_North    
-1	0.001	0	0	0	0	 0.01	#_South    
-1	0.001	0	0	0	0	 0.01	#_Triennial
-1	0.001	0	0	0	0	 0.01	#_WCGBTS   
-1	0.001	0	0	0	0	0.001	#_env      
26 #_N_lbins
#_lbin_vector
12 14 16 18 20 22 24 26 28 30 32 34 36 38 40 42 44 46 48 50 52 54 56 58 60 62 #_lbin_vector
#
#_lencomp
#_Yr	Seas	FltSvy	Gender	Part	Nsamp	l12	l14	l16	l18	l20	l22	l24	l26	l28	l30	l32	l34	l36	l38	l40	l42	l44	l46	l48	l50	l52	l54	l56	l58	l60	l62
 1955	1	1	0	0	10	1	1	1	1	1	1	1	1	1	1	1	1	1	1	1	1	1	1	1	1	1	1	1	1	1	1	#_1         
 1956	1	1	0	0	10	1	1	1	1	1	1	1	1	1	1	1	1	1	1	1	1	1	1	1	1	1	1	1	1	1	1	#_2         
 1957	1	1	0	0	10	1	1	1	1	1	1	1	1	1	1	1	1	1	1	1	1	1	1	1	1	1	1	1	1	1	1	#_3         
 1958	1	1	0	0	10	1	1	1	1	1	1	1	1	1	1	1	1	1	1	1	1	1	1	1	1	1	1	1	1	1	1	#_4         
 1960	1	1	0	0	10	1	1	1	1	1	1	1	1	1	1	1	1	1	1	1	1	1	1	1	1	1	1	1	1	1	1	#_5         
 1961	1	1	0	0	10	1	1	1	1	1	1	1	1	1	1	1	1	1	1	1	1	1	1	1	1	1	1	1	1	1	1	#_6         
 1964	1	1	0	0	10	1	1	1	1	1	1	1	1	1	1	1	1	1	1	1	1	1	1	1	1	1	1	1	1	1	1	#_7         
 1965	1	1	0	0	10	1	1	1	1	1	1	1	1	1	1	1	1	1	1	1	1	1	1	1	1	1	1	1	1	1	1	#_8         
 1966	1	1	0	0	10	1	1	1	1	1	1	1	1	1	1	1	1	1	1	1	1	1	1	1	1	1	1	1	1	1	1	#_9         
 1967	1	1	0	0	10	1	1	1	1	1	1	1	1	1	1	1	1	1	1	1	1	1	1	1	1	1	1	1	1	1	1	#_10        
 1968	1	1	0	0	10	1	1	1	1	1	1	1	1	1	1	1	1	1	1	1	1	1	1	1	1	1	1	1	1	1	1	#_11        
 1969	1	1	0	0	10	1	1	1	1	1	1	1	1	1	1	1	1	1	1	1	1	1	1	1	1	1	1	1	1	1	1	#_12        
 1970	1	1	0	0	10	1	1	1	1	1	1	1	1	1	1	1	1	1	1	1	1	1	1	1	1	1	1	1	1	1	1	#_13        
 1971	1	1	0	0	10	1	1	1	1	1	1	1	1	1	1	1	1	1	1	1	1	1	1	1	1	1	1	1	1	1	1	#_14        
 1972	1	1	0	0	10	1	1	1	1	1	1	1	1	1	1	1	1	1	1	1	1	1	1	1	1	1	1	1	1	1	1	#_15        
 1973	1	1	0	0	10	1	1	1	1	1	1	1	1	1	1	1	1	1	1	1	1	1	1	1	1	1	1	1	1	1	1	#_16        
 1974	1	1	0	0	10	1	1	1	1	1	1	1	1	1	1	1	1	1	1	1	1	1	1	1	1	1	1	1	1	1	1	#_17        
 1975	1	1	0	0	10	1	1	1	1	1	1	1	1	1	1	1	1	1	1	1	1	1	1	1	1	1	1	1	1	1	1	#_18        
 1976	1	1	0	0	10	1	1	1	1	1	1	1	1	1	1	1	1	1	1	1	1	1	1	1	1	1	1	1	1	1	1	#_19        
 1977	1	1	0	0	10	1	1	1	1	1	1	1	1	1	1	1	1	1	1	1	1	1	1	1	1	1	1	1	1	1	1	#_20        
 1978	1	1	0	0	10	1	1	1	1	1	1	1	1	1	1	1	1	1	1	1	1	1	1	1	1	1	1	1	1	1	1	#_21        
 1979	1	1	0	0	10	1	1	1	1	1	1	1	1	1	1	1	1	1	1	1	1	1	1	1	1	1	1	1	1	1	1	#_22        
 1980	1	1	0	0	10	1	1	1	1	1	1	1	1	1	1	1	1	1	1	1	1	1	1	1	1	1	1	1	1	1	1	#_23        
 1981	1	1	0	0	10	1	1	1	1	1	1	1	1	1	1	1	1	1	1	1	1	1	1	1	1	1	1	1	1	1	1	#_24        
 1982	1	1	0	0	10	1	1	1	1	1	1	1	1	1	1	1	1	1	1	1	1	1	1	1	1	1	1	1	1	1	1	#_25        
 1983	1	1	0	0	10	1	1	1	1	1	1	1	1	1	1	1	1	1	1	1	1	1	1	1	1	1	1	1	1	1	1	#_26        
 1984	1	1	0	0	10	1	1	1	1	1	1	1	1	1	1	1	1	1	1	1	1	1	1	1	1	1	1	1	1	1	1	#_27        
 1985	1	1	0	0	10	1	1	1	1	1	1	1	1	1	1	1	1	1	1	1	1	1	1	1	1	1	1	1	1	1	1	#_28        
 1986	1	1	0	0	10	1	1	1	1	1	1	1	1	1	1	1	1	1	1	1	1	1	1	1	1	1	1	1	1	1	1	#_29        
 1987	1	1	0	0	10	1	1	1	1	1	1	1	1	1	1	1	1	1	1	1	1	1	1	1	1	1	1	1	1	1	1	#_30        
 1988	1	1	0	0	10	1	1	1	1	1	1	1	1	1	1	1	1	1	1	1	1	1	1	1	1	1	1	1	1	1	1	#_31        
 1989	1	1	0	0	10	1	1	1	1	1	1	1	1	1	1	1	1	1	1	1	1	1	1	1	1	1	1	1	1	1	1	#_32        
 1990	1	1	0	0	10	1	1	1	1	1	1	1	1	1	1	1	1	1	1	1	1	1	1	1	1	1	1	1	1	1	1	#_33        
 1991	1	1	0	0	10	1	1	1	1	1	1	1	1	1	1	1	1	1	1	1	1	1	1	1	1	1	1	1	1	1	1	#_34        
 1992	1	1	0	0	10	1	1	1	1	1	1	1	1	1	1	1	1	1	1	1	1	1	1	1	1	1	1	1	1	1	1	#_35        
 1993	1	1	0	0	10	1	1	1	1	1	1	1	1	1	1	1	1	1	1	1	1	1	1	1	1	1	1	1	1	1	1	#_36        
 1994	1	1	0	0	10	1	1	1	1	1	1	1	1	1	1	1	1	1	1	1	1	1	1	1	1	1	1	1	1	1	1	#_37        
 1995	1	1	0	0	10	1	1	1	1	1	1	1	1	1	1	1	1	1	1	1	1	1	1	1	1	1	1	1	1	1	1	#_38        
 1996	1	1	0	0	10	1	1	1	1	1	1	1	1	1	1	1	1	1	1	1	1	1	1	1	1	1	1	1	1	1	1	#_39        
 1997	1	1	0	0	10	1	1	1	1	1	1	1	1	1	1	1	1	1	1	1	1	1	1	1	1	1	1	1	1	1	1	#_40        
 1998	1	1	0	0	10	1	1	1	1	1	1	1	1	1	1	1	1	1	1	1	1	1	1	1	1	1	1	1	1	1	1	#_41        
 1999	1	1	0	0	10	1	1	1	1	1	1	1	1	1	1	1	1	1	1	1	1	1	1	1	1	1	1	1	1	1	1	#_42        
 2000	1	1	0	0	10	1	1	1	1	1	1	1	1	1	1	1	1	1	1	1	1	1	1	1	1	1	1	1	1	1	1	#_43        
 2001	1	1	0	0	10	1	1	1	1	1	1	1	1	1	1	1	1	1	1	1	1	1	1	1	1	1	1	1	1	1	1	#_44        
 2002	1	1	0	0	10	1	1	1	1	1	1	1	1	1	1	1	1	1	1	1	1	1	1	1	1	1	1	1	1	1	1	#_45        
 2003	1	1	0	0	10	1	1	1	1	1	1	1	1	1	1	1	1	1	1	1	1	1	1	1	1	1	1	1	1	1	1	#_46        
 2004	1	1	0	0	10	1	1	1	1	1	1	1	1	1	1	1	1	1	1	1	1	1	1	1	1	1	1	1	1	1	1	#_47        
 2005	1	1	0	0	10	1	1	1	1	1	1	1	1	1	1	1	1	1	1	1	1	1	1	1	1	1	1	1	1	1	1	#_48        
 2006	1	1	0	0	10	1	1	1	1	1	1	1	1	1	1	1	1	1	1	1	1	1	1	1	1	1	1	1	1	1	1	#_49        
 2007	1	1	0	0	10	1	1	1	1	1	1	1	1	1	1	1	1	1	1	1	1	1	1	1	1	1	1	1	1	1	1	#_50        
 2008	1	1	0	0	10	1	1	1	1	1	1	1	1	1	1	1	1	1	1	1	1	1	1	1	1	1	1	1	1	1	1	#_51        
 2009	1	1	0	0	10	1	1	1	1	1	1	1	1	1	1	1	1	1	1	1	1	1	1	1	1	1	1	1	1	1	1	#_52        
 2010	1	1	0	0	10	1	1	1	1	1	1	1	1	1	1	1	1	1	1	1	1	1	1	1	1	1	1	1	1	1	1	#_53        
 2011	1	1	0	0	10	1	1	1	1	1	1	1	1	1	1	1	1	1	1	1	1	1	1	1	1	1	1	1	1	1	1	#_54        
 2012	1	1	0	0	10	1	1	1	1	1	1	1	1	1	1	1	1	1	1	1	1	1	1	1	1	1	1	1	1	1	1	#_55        
 2013	1	1	0	0	10	1	1	1	1	1	1	1	1	1	1	1	1	1	1	1	1	1	1	1	1	1	1	1	1	1	1	#_56        
 2014	1	1	0	0	10	1	1	1	1	1	1	1	1	1	1	1	1	1	1	1	1	1	1	1	1	1	1	1	1	1	1	#_57        
 2015	1	1	0	0	10	1	1	1	1	1	1	1	1	1	1	1	1	1	1	1	1	1	1	1	1	1	1	1	1	1	1	#_58        
 2016	1	1	0	0	10	1	1	1	1	1	1	1	1	1	1	1	1	1	1	1	1	1	1	1	1	1	1	1	1	1	1	#_59        
 2017	1	1	0	0	10	1	1	1	1	1	1	1	1	1	1	1	1	1	1	1	1	1	1	1	1	1	1	1	1	1	1	#_60        
 2018	1	1	0	0	10	1	1	1	1	1	1	1	1	1	1	1	1	1	1	1	1	1	1	1	1	1	1	1	1	1	1	#_61        
 2019	1	1	0	0	10	1	1	1	1	1	1	1	1	1	1	1	1	1	1	1	1	1	1	1	1	1	1	1	1	1	1	#_62        
 2020	1	1	0	0	10	1	1	1	1	1	1	1	1	1	1	1	1	1	1	1	1	1	1	1	1	1	1	1	1	1	1	#_63        
 2021	1	1	0	0	10	1	1	1	1	1	1	1	1	1	1	1	1	1	1	1	1	1	1	1	1	1	1	1	1	1	1	#_64        
 2022	1	1	0	0	10	1	1	1	1	1	1	1	1	1	1	1	1	1	1	1	1	1	1	1	1	1	1	1	1	1	1	#_65        
 1948	1	2	0	0	10	1	1	1	1	1	1	1	1	1	1	1	1	1	1	1	1	1	1	1	1	1	1	1	1	1	1	#_66        
 1949	1	2	0	0	10	1	1	1	1	1	1	1	1	1	1	1	1	1	1	1	1	1	1	1	1	1	1	1	1	1	1	#_67        
 1962	1	2	0	0	10	1	1	1	1	1	1	1	1	1	1	1	1	1	1	1	1	1	1	1	1	1	1	1	1	1	1	#_68        
 1964	1	2	0	0	10	1	1	1	1	1	1	1	1	1	1	1	1	1	1	1	1	1	1	1	1	1	1	1	1	1	1	#_69        
 1965	1	2	0	0	10	1	1	1	1	1	1	1	1	1	1	1	1	1	1	1	1	1	1	1	1	1	1	1	1	1	1	#_70        
 1966	1	2	0	0	10	1	1	1	1	1	1	1	1	1	1	1	1	1	1	1	1	1	1	1	1	1	1	1	1	1	1	#_71        
 1967	1	2	0	0	10	1	1	1	1	1	1	1	1	1	1	1	1	1	1	1	1	1	1	1	1	1	1	1	1	1	1	#_72        
 1968	1	2	0	0	10	1	1	1	1	1	1	1	1	1	1	1	1	1	1	1	1	1	1	1	1	1	1	1	1	1	1	#_73        
 1969	1	2	0	0	10	1	1	1	1	1	1	1	1	1	1	1	1	1	1	1	1	1	1	1	1	1	1	1	1	1	1	#_74        
 1970	1	2	0	0	10	1	1	1	1	1	1	1	1	1	1	1	1	1	1	1	1	1	1	1	1	1	1	1	1	1	1	#_75        
 1971	1	2	0	0	10	1	1	1	1	1	1	1	1	1	1	1	1	1	1	1	1	1	1	1	1	1	1	1	1	1	1	#_76        
 1972	1	2	0	0	10	1	1	1	1	1	1	1	1	1	1	1	1	1	1	1	1	1	1	1	1	1	1	1	1	1	1	#_77        
 1973	1	2	0	0	10	1	1	1	1	1	1	1	1	1	1	1	1	1	1	1	1	1	1	1	1	1	1	1	1	1	1	#_78        
 1974	1	2	0	0	10	1	1	1	1	1	1	1	1	1	1	1	1	1	1	1	1	1	1	1	1	1	1	1	1	1	1	#_79        
 1975	1	2	0	0	10	1	1	1	1	1	1	1	1	1	1	1	1	1	1	1	1	1	1	1	1	1	1	1	1	1	1	#_80        
 1976	1	2	0	0	10	1	1	1	1	1	1	1	1	1	1	1	1	1	1	1	1	1	1	1	1	1	1	1	1	1	1	#_81        
 1977	1	2	0	0	10	1	1	1	1	1	1	1	1	1	1	1	1	1	1	1	1	1	1	1	1	1	1	1	1	1	1	#_82        
 1978	1	2	0	0	10	1	1	1	1	1	1	1	1	1	1	1	1	1	1	1	1	1	1	1	1	1	1	1	1	1	1	#_83        
 1979	1	2	0	0	10	1	1	1	1	1	1	1	1	1	1	1	1	1	1	1	1	1	1	1	1	1	1	1	1	1	1	#_84        
 1980	1	2	0	0	10	1	1	1	1	1	1	1	1	1	1	1	1	1	1	1	1	1	1	1	1	1	1	1	1	1	1	#_85        
 1981	1	2	0	0	10	1	1	1	1	1	1	1	1	1	1	1	1	1	1	1	1	1	1	1	1	1	1	1	1	1	1	#_86        
 1982	1	2	0	0	10	1	1	1	1	1	1	1	1	1	1	1	1	1	1	1	1	1	1	1	1	1	1	1	1	1	1	#_87        
 1983	1	2	0	0	10	1	1	1	1	1	1	1	1	1	1	1	1	1	1	1	1	1	1	1	1	1	1	1	1	1	1	#_88        
 1984	1	2	0	0	10	1	1	1	1	1	1	1	1	1	1	1	1	1	1	1	1	1	1	1	1	1	1	1	1	1	1	#_89        
 1985	1	2	0	0	10	1	1	1	1	1	1	1	1	1	1	1	1	1	1	1	1	1	1	1	1	1	1	1	1	1	1	#_90        
 1986	1	2	0	0	10	1	1	1	1	1	1	1	1	1	1	1	1	1	1	1	1	1	1	1	1	1	1	1	1	1	1	#_91        
 1987	1	2	0	0	10	1	1	1	1	1	1	1	1	1	1	1	1	1	1	1	1	1	1	1	1	1	1	1	1	1	1	#_92        
 1988	1	2	0	0	10	1	1	1	1	1	1	1	1	1	1	1	1	1	1	1	1	1	1	1	1	1	1	1	1	1	1	#_93        
 1989	1	2	0	0	10	1	1	1	1	1	1	1	1	1	1	1	1	1	1	1	1	1	1	1	1	1	1	1	1	1	1	#_94        
 1990	1	2	0	0	10	1	1	1	1	1	1	1	1	1	1	1	1	1	1	1	1	1	1	1	1	1	1	1	1	1	1	#_95        
 1991	1	2	0	0	10	1	1	1	1	1	1	1	1	1	1	1	1	1	1	1	1	1	1	1	1	1	1	1	1	1	1	#_96        
 1992	1	2	0	0	10	1	1	1	1	1	1	1	1	1	1	1	1	1	1	1	1	1	1	1	1	1	1	1	1	1	1	#_97        
 2001	1	2	0	0	10	1	1	1	1	1	1	1	1	1	1	1	1	1	1	1	1	1	1	1	1	1	1	1	1	1	1	#_98        
 2002	1	2	0	0	10	1	1	1	1	1	1	1	1	1	1	1	1	1	1	1	1	1	1	1	1	1	1	1	1	1	1	#_99        
 2003	1	2	0	0	10	1	1	1	1	1	1	1	1	1	1	1	1	1	1	1	1	1	1	1	1	1	1	1	1	1	1	#_100       
 2004	1	2	0	0	10	1	1	1	1	1	1	1	1	1	1	1	1	1	1	1	1	1	1	1	1	1	1	1	1	1	1	#_101       
 2005	1	2	0	0	10	1	1	1	1	1	1	1	1	1	1	1	1	1	1	1	1	1	1	1	1	1	1	1	1	1	1	#_102       
 2006	1	2	0	0	10	1	1	1	1	1	1	1	1	1	1	1	1	1	1	1	1	1	1	1	1	1	1	1	1	1	1	#_103       
 2007	1	2	0	0	10	1	1	1	1	1	1	1	1	1	1	1	1	1	1	1	1	1	1	1	1	1	1	1	1	1	1	#_104       
 2008	1	2	0	0	10	1	1	1	1	1	1	1	1	1	1	1	1	1	1	1	1	1	1	1	1	1	1	1	1	1	1	#_105       
 2009	1	2	0	0	10	1	1	1	1	1	1	1	1	1	1	1	1	1	1	1	1	1	1	1	1	1	1	1	1	1	1	#_106       
 2010	1	2	0	0	10	1	1	1	1	1	1	1	1	1	1	1	1	1	1	1	1	1	1	1	1	1	1	1	1	1	1	#_107       
 2011	1	2	0	0	10	1	1	1	1	1	1	1	1	1	1	1	1	1	1	1	1	1	1	1	1	1	1	1	1	1	1	#_108       
 2012	1	2	0	0	10	1	1	1	1	1	1	1	1	1	1	1	1	1	1	1	1	1	1	1	1	1	1	1	1	1	1	#_109       
 2013	1	2	0	0	10	1	1	1	1	1	1	1	1	1	1	1	1	1	1	1	1	1	1	1	1	1	1	1	1	1	1	#_110       
 2014	1	2	0	0	10	1	1	1	1	1	1	1	1	1	1	1	1	1	1	1	1	1	1	1	1	1	1	1	1	1	1	#_111       
 2015	1	2	0	0	10	1	1	1	1	1	1	1	1	1	1	1	1	1	1	1	1	1	1	1	1	1	1	1	1	1	1	#_112       
 2016	1	2	0	0	10	1	1	1	1	1	1	1	1	1	1	1	1	1	1	1	1	1	1	1	1	1	1	1	1	1	1	#_113       
 2017	1	2	0	0	10	1	1	1	1	1	1	1	1	1	1	1	1	1	1	1	1	1	1	1	1	1	1	1	1	1	1	#_114       
 2018	1	2	0	0	10	1	1	1	1	1	1	1	1	1	1	1	1	1	1	1	1	1	1	1	1	1	1	1	1	1	1	#_115       
 2019	1	2	0	0	10	1	1	1	1	1	1	1	1	1	1	1	1	1	1	1	1	1	1	1	1	1	1	1	1	1	1	#_116       
 2020	1	2	0	0	10	1	1	1	1	1	1	1	1	1	1	1	1	1	1	1	1	1	1	1	1	1	1	1	1	1	1	#_117       
 2021	1	2	0	0	10	1	1	1	1	1	1	1	1	1	1	1	1	1	1	1	1	1	1	1	1	1	1	1	1	1	1	#_118       
 2022	1	2	0	0	10	1	1	1	1	1	1	1	1	1	1	1	1	1	1	1	1	1	1	1	1	1	1	1	1	1	1	#_119       
 1989	1	4	0	0	10	1	1	1	1	1	1	1	1	1	1	1	1	1	1	1	1	1	1	1	1	1	1	1	1	1	1	#_120       
 1992	1	4	0	0	10	1	1	1	1	1	1	1	1	1	1	1	1	1	1	1	1	1	1	1	1	1	1	1	1	1	1	#_121       
 1995	1	4	0	0	10	1	1	1	1	1	1	1	1	1	1	1	1	1	1	1	1	1	1	1	1	1	1	1	1	1	1	#_122       
 1998	1	4	0	0	10	1	1	1	1	1	1	1	1	1	1	1	1	1	1	1	1	1	1	1	1	1	1	1	1	1	1	#_123       
 2001	1	4	0	0	10	1	1	1	1	1	1	1	1	1	1	1	1	1	1	1	1	1	1	1	1	1	1	1	1	1	1	#_124       
 2003	1	4	0	0	10	1	1	1	1	1	1	1	1	1	1	1	1	1	1	1	1	1	1	1	1	1	1	1	1	1	1	#_125       
 2004	1	4	0	0	10	1	1	1	1	1	1	1	1	1	1	1	1	1	1	1	1	1	1	1	1	1	1	1	1	1	1	#_126       
 2005	1	4	0	0	10	1	1	1	1	1	1	1	1	1	1	1	1	1	1	1	1	1	1	1	1	1	1	1	1	1	1	#_127       
 2006	1	4	0	0	10	1	1	1	1	1	1	1	1	1	1	1	1	1	1	1	1	1	1	1	1	1	1	1	1	1	1	#_128       
 2007	1	4	0	0	10	1	1	1	1	1	1	1	1	1	1	1	1	1	1	1	1	1	1	1	1	1	1	1	1	1	1	#_129       
 2008	1	4	0	0	10	1	1	1	1	1	1	1	1	1	1	1	1	1	1	1	1	1	1	1	1	1	1	1	1	1	1	#_130       
 2009	1	4	0	0	10	1	1	1	1	1	1	1	1	1	1	1	1	1	1	1	1	1	1	1	1	1	1	1	1	1	1	#_131       
 2010	1	4	0	0	10	1	1	1	1	1	1	1	1	1	1	1	1	1	1	1	1	1	1	1	1	1	1	1	1	1	1	#_132       
 2011	1	4	0	0	10	1	1	1	1	1	1	1	1	1	1	1	1	1	1	1	1	1	1	1	1	1	1	1	1	1	1	#_133       
 2012	1	4	0	0	10	1	1	1	1	1	1	1	1	1	1	1	1	1	1	1	1	1	1	1	1	1	1	1	1	1	1	#_134       
 2013	1	4	0	0	10	1	1	1	1	1	1	1	1	1	1	1	1	1	1	1	1	1	1	1	1	1	1	1	1	1	1	#_135       
 2014	1	4	0	0	10	1	1	1	1	1	1	1	1	1	1	1	1	1	1	1	1	1	1	1	1	1	1	1	1	1	1	#_136       
 2015	1	4	0	0	10	1	1	1	1	1	1	1	1	1	1	1	1	1	1	1	1	1	1	1	1	1	1	1	1	1	1	#_137       
 2016	1	4	0	0	10	1	1	1	1	1	1	1	1	1	1	1	1	1	1	1	1	1	1	1	1	1	1	1	1	1	1	#_138       
 2017	1	4	0	0	10	1	1	1	1	1	1	1	1	1	1	1	1	1	1	1	1	1	1	1	1	1	1	1	1	1	1	#_139       
 2018	1	4	0	0	10	1	1	1	1	1	1	1	1	1	1	1	1	1	1	1	1	1	1	1	1	1	1	1	1	1	1	#_140       
 2019	1	4	0	0	10	1	1	1	1	1	1	1	1	1	1	1	1	1	1	1	1	1	1	1	1	1	1	1	1	1	1	#_141       
 2021	1	4	0	0	10	1	1	1	1	1	1	1	1	1	1	1	1	1	1	1	1	1	1	1	1	1	1	1	1	1	1	#_142       
 2022	1	4	0	0	10	1	1	1	1	1	1	1	1	1	1	1	1	1	1	1	1	1	1	1	1	1	1	1	1	1	1	#_143       
-9999	0	0	0	0	 0	0	0	0	0	0	0	0	0	0	0	0	0	0	0	0	0	0	0	0	0	0	0	0	0	0	0	#_terminator
17 #_N_agebins
#
#_agebin_vector
1 2 3 4 5 6 7 8 9 10 11 12 13 14 15 16 17 #_agebin_vector
#
#_ageing_error
8 #_N_ageerror_definitions
#_age0	age1	age2	age3	age4	age5	age6	age7	age8	age9	age10	age11	age12	age13	age14	age15	age16	age17	age18	age19	age20	age21	age22	age23	age24	age25	age26	age27	age28	age29	age30	age31	age32	age33	age34	age35	age36	age37	age38	age39	age40
      -1	      -1	       -1	      -1	      -1	      -1	      -1	      -1	      -1	      -1	      -1	     -1	     -1	     -1	     -1	     -1	     -1	     -1	     -1	     -1	     -1	     -1	     -1	     -1	     -1	     -1	     -1	     -1	     -1	     -1	     -1	     -1	     -1	     -1	     -1	     -1	     -1	     -1	     -1	     -1	     -1	#_1 
   0.001	   0.001	    0.001	   0.001	   0.001	   0.001	   0.001	   0.001	   0.001	   0.001	   0.001	  0.001	  0.001	  0.001	  0.001	  0.001	  0.001	  0.001	  0.001	  0.001	  0.001	  0.001	  0.001	  0.001	  0.001	  0.001	  0.001	  0.001	  0.001	  0.001	  0.001	  0.001	  0.001	  0.001	  0.001	  0.001	  0.001	  0.001	  0.001	  0.001	  0.001	#_2 
0.261729	 1.34639	  2.40625	 3.44187	 4.45381	  5.4426	 6.40878	 7.35287	 8.27536	 9.17677	 10.0576	10.9182	11.7592	12.5809	13.3838	14.1684	 14.935	15.6841	16.4161	17.1313	17.8302	18.5131	19.1804	19.8324	20.4695	 21.092	21.7003	22.2947	22.8755	 23.443	23.9976	24.5394	25.0689	25.5862	26.0918	26.5857	27.0684	  27.54	28.0008	28.4511	28.8912	#_3 
0.169177	0.169177	 0.228825	0.293411	0.363345	 0.43907	0.521065	0.609848	0.705983	0.810078	0.922792	1.04484	1.17699	1.32008	1.47503	 1.6428	1.82446	2.02116	2.23416	2.46478	 2.7145	 2.9849	3.27769	3.59472	  3.938	4.30971	4.71219	5.14799	5.61988	6.13085	6.68412	 7.2832	7.93188	8.63427	9.39483	10.2184	11.1101	12.0756	13.1211	14.2532	 15.479	#_4 
0.159212	 1.27144	  2.35326	 3.40551	 4.42898	 5.42448	 6.39275	 7.33456	 8.25062	 9.14163	 10.0083	10.8512	11.6712	12.4686	13.2443	13.9988	14.7327	15.4465	16.1408	16.8161	17.4729	18.1118	18.7332	19.3376	19.9255	20.4973	21.0535	21.5945	22.1207	22.6325	23.1303	23.6145	24.0855	24.5436	24.9892	25.4226	25.8441	26.2541	26.6529	27.0408	27.4181	#_5 
0.118733	0.118733	 0.179327	0.246288	0.320286	 0.40206	0.492428	0.592293	0.702651	0.824607	0.959379	1.10831	 1.2729	1.45478	1.65578	1.87789	2.12335	2.39461	2.69437	3.02563	 3.3917	3.79624	4.24329	4.73732	5.28327	5.88659	6.55331	 7.2901	8.10431	9.00409	9.99842	11.0972	12.3115	13.6534	15.1364	16.7751	18.5861	20.5874	22.7989	25.2429	27.9438	#_6 
0.474933	  1.4248	  2.37466	 3.32453	  4.2744	 5.22426	 6.17413	 7.12399	 8.07386	 9.02372	 9.97359	10.9235	11.8733	12.8232	13.7731	14.7229	15.6728	16.6226	17.5725	18.5224	19.4722	20.4221	 21.372	22.3218	23.2717	24.2216	25.1714	26.1213	27.0712	 28.021	28.9709	29.9208	30.8706	31.8205	32.7704	33.7202	34.6701	  35.62	36.5698	37.5197	38.4696	#_7 
0.127182	0.127182	 0.254364	0.381546	0.508728	 0.63591	0.763092	0.890274	 1.01746	 1.14464	 1.27182	  1.399	1.52618	1.65337	1.78055	1.90773	2.03491	2.16209	2.28928	2.41646	2.54364	2.67082	  2.798	2.92519	3.05237	3.17955	3.30673	3.43391	 3.5611	3.68828	3.81546	3.94264	4.06982	  4.197	4.32419	4.45137	4.57855	4.70573	4.83291	 4.9601	5.08728	#_8 
0.488313	 1.46494	  2.44156	 3.41819	 4.39482	 5.37144	 6.34807	 7.32469	 8.30132	 9.27795	 10.2546	11.2312	12.2078	13.1845	14.1611	15.1377	16.1143	 17.091	18.0676	19.0442	20.0208	20.9975	21.9741	22.9507	23.9273	 24.904	25.8806	26.8572	27.8338	28.8105	29.7871	30.7637	31.7403	 32.717	33.6936	34.6702	35.6468	36.6235	37.6001	38.5767	39.5534	#_9 
0.133467	0.133467	 0.266935	0.400402	0.533869	0.667337	0.800804	0.934271	 1.06774	 1.20121	 1.33467	1.46814	1.60161	1.73507	1.86854	2.00201	2.13548	2.26894	2.40241	2.53588	2.66935	2.80281	2.93628	3.06975	3.20322	3.33668	3.47015	3.60362	3.73708	3.87055	4.00402	4.13749	4.27095	4.40442	4.53789	4.67136	4.80482	4.93829	5.07176	5.20522	5.33869	#_10
0.132002	 1.32265	  2.47042	 3.57686	 4.64346	 5.67166	 6.66283	 7.61831	 8.53939	  9.4273	 10.2832	11.1084	11.9038	12.6705	13.4097	14.1222	14.8091	15.4712	16.1096	16.7249	 17.318	17.8898	18.4411	18.9724	19.4847	19.9785	20.4545	20.9133	21.3557	21.7821	22.1932	22.5894	22.9714	23.3397	23.6946	24.0368	24.3667	24.6847	24.9912	25.2868	25.5716	#_11
0.103143	0.103143	 0.206285	0.309428	 0.41257	0.515713	0.618856	0.721998	0.825141	0.928283	 1.03143	1.13457	1.23771	1.34085	  1.444	1.54714	1.65028	1.75342	1.85657	1.95971	2.06285	2.16599	2.26914	2.37228	2.47542	2.57856	2.68171	2.78485	2.88799	2.99114	3.09428	3.19742	3.30056	3.40371	3.50685	3.60999	3.71313	3.81628	3.91942	4.02256	 4.1257	#_12
0.503178	 1.50953	  2.51589	 3.52224	  4.5286	 5.53495	 6.54131	 7.54767	 8.55402	 9.56038	 10.5667	11.5731	12.5794	13.5858	14.5922	15.5985	16.6049	17.6112	18.6176	19.6239	20.6303	21.6366	 22.643	23.6494	24.6557	25.6621	26.6684	27.6748	28.6811	29.6875	30.6938	31.7002	32.7066	33.7129	34.7193	35.7256	 36.732	37.7383	38.7447	 39.751	40.7574	#_13
0.150528	0.150528	 0.301056	0.451584	0.602112	 0.75264	0.903168	  1.0537	 1.20422	 1.35475	 1.50528	1.65581	1.80634	1.95686	2.10739	2.25792	2.40845	2.55898	 2.7095	2.86003	3.01056	3.16109	3.31161	3.46214	3.61267	 3.7632	3.91373	4.06425	4.21478	4.36531	4.51584	4.66637	4.81689	4.96742	5.11795	5.26848	5.41901	5.56953	5.72006	5.87059	6.02112	#_14
       0	0.711119	  2.01995	 3.24112	 4.38051	 5.44358	 6.43546	 7.36091	 8.22438	 9.03001	 9.78169	 10.483	11.1374	11.7479	12.3176	12.8491	 13.345	13.8077	14.2394	14.6422	 15.018	15.3686	15.6958	 16.001	16.2858	16.5516	16.7995	17.0308	17.2467	 17.448	17.6359	17.8112	17.9748	18.1274	18.2698	18.4027	18.5266	18.6423	18.7502	18.8509	18.9448	#_15
3.77e-09	3.77e-09	0.0816479	0.167778	0.258636	0.354481	0.455587	0.562244	0.674755	0.793443	0.918645	1.05072	1.19005	1.33702	1.49206	1.65561	1.82814	2.01014	2.20214	2.40467	2.61831	2.84369	3.08144	3.33223	 3.5968	3.87589	 4.1703	4.48087	4.80848	5.15408	5.51866	5.90324	6.30894	6.73691	7.18836	7.66461	8.16699	8.69695	  9.256	9.84574	10.4679	#_16
#
#_age_info
#_mintailcomp	addtocomp	combine_M_F	CompressBins	CompError	ParmSelect	minsamplesize
-1	0.001	0	0	0	0	 0.01	#_North    
-1	0.001	0	0	0	0	 0.01	#_South    
-1	0.001	0	0	0	0	 0.01	#_Triennial
-1	0.001	0	0	0	0	 0.01	#_WCGBTS   
-1	0.001	0	0	0	0	0.001	#_env      
3 #_Lbin_method: 1=poplenbins; 2=datalenbins; 3=lengths
 #_combine males into females at or below this bin number
#_Yr	Seas	FltSvy	Gender	Part	Ageerr	Lbin_lo	Lbin_hi	Nsamp	a1	a2	a3	a4	a5	a6	a7	a8	a9	a10	a11	a12	a13	a14	a15	a16	a17
 1980	1	1	0	0	1	-1	-1	10	1	1	1	1	1	1	1	1	1	1	1	1	1	1	1	1	1	#_1         
 1981	1	1	0	0	1	-1	-1	10	1	1	1	1	1	1	1	1	1	1	1	1	1	1	1	1	1	#_2         
 1982	1	1	0	0	1	-1	-1	10	1	1	1	1	1	1	1	1	1	1	1	1	1	1	1	1	1	#_3         
 1983	1	1	0	0	1	-1	-1	10	1	1	1	1	1	1	1	1	1	1	1	1	1	1	1	1	1	#_4         
 1985	1	1	0	0	1	-1	-1	10	1	1	1	1	1	1	1	1	1	1	1	1	1	1	1	1	1	#_5         
 1986	1	1	0	0	1	-1	-1	10	1	1	1	1	1	1	1	1	1	1	1	1	1	1	1	1	1	#_6         
 1987	1	1	0	0	1	-1	-1	10	1	1	1	1	1	1	1	1	1	1	1	1	1	1	1	1	1	#_7         
 1988	1	1	0	0	1	-1	-1	10	1	1	1	1	1	1	1	1	1	1	1	1	1	1	1	1	1	#_8         
 1989	1	1	0	0	1	-1	-1	10	1	1	1	1	1	1	1	1	1	1	1	1	1	1	1	1	1	#_9         
 1990	1	1	0	0	1	-1	-1	10	1	1	1	1	1	1	1	1	1	1	1	1	1	1	1	1	1	#_10        
 1991	1	1	0	0	1	-1	-1	10	1	1	1	1	1	1	1	1	1	1	1	1	1	1	1	1	1	#_11        
 1992	1	1	0	0	1	-1	-1	10	1	1	1	1	1	1	1	1	1	1	1	1	1	1	1	1	1	#_12        
 1993	1	1	0	0	1	-1	-1	10	1	1	1	1	1	1	1	1	1	1	1	1	1	1	1	1	1	#_13        
 1994	1	1	0	0	1	-1	-1	10	1	1	1	1	1	1	1	1	1	1	1	1	1	1	1	1	1	#_14        
 1995	1	1	0	0	1	-1	-1	10	1	1	1	1	1	1	1	1	1	1	1	1	1	1	1	1	1	#_15        
 1996	1	1	0	0	1	-1	-1	10	1	1	1	1	1	1	1	1	1	1	1	1	1	1	1	1	1	#_16        
 1997	1	1	0	0	1	-1	-1	10	1	1	1	1	1	1	1	1	1	1	1	1	1	1	1	1	1	#_17        
 1998	1	1	0	0	1	-1	-1	10	1	1	1	1	1	1	1	1	1	1	1	1	1	1	1	1	1	#_18        
 1999	1	1	0	0	1	-1	-1	10	1	1	1	1	1	1	1	1	1	1	1	1	1	1	1	1	1	#_19        
 2001	1	1	0	0	1	-1	-1	10	1	1	1	1	1	1	1	1	1	1	1	1	1	1	1	1	1	#_20        
 2002	1	1	0	0	1	-1	-1	10	1	1	1	1	1	1	1	1	1	1	1	1	1	1	1	1	1	#_21        
 2003	1	1	0	0	1	-1	-1	10	1	1	1	1	1	1	1	1	1	1	1	1	1	1	1	1	1	#_22        
 2004	1	1	0	0	1	-1	-1	10	1	1	1	1	1	1	1	1	1	1	1	1	1	1	1	1	1	#_23        
 2006	1	1	0	0	1	-1	-1	10	1	1	1	1	1	1	1	1	1	1	1	1	1	1	1	1	1	#_24        
 2007	1	1	0	0	1	-1	-1	10	1	1	1	1	1	1	1	1	1	1	1	1	1	1	1	1	1	#_25        
 2008	1	1	0	0	1	-1	-1	10	1	1	1	1	1	1	1	1	1	1	1	1	1	1	1	1	1	#_26        
 2009	1	1	0	0	1	-1	-1	10	1	1	1	1	1	1	1	1	1	1	1	1	1	1	1	1	1	#_27        
 2010	1	1	0	0	1	-1	-1	10	1	1	1	1	1	1	1	1	1	1	1	1	1	1	1	1	1	#_28        
 2011	1	1	0	0	1	-1	-1	10	1	1	1	1	1	1	1	1	1	1	1	1	1	1	1	1	1	#_29        
 2012	1	1	0	0	1	-1	-1	10	1	1	1	1	1	1	1	1	1	1	1	1	1	1	1	1	1	#_30        
 2013	1	1	0	0	1	-1	-1	10	1	1	1	1	1	1	1	1	1	1	1	1	1	1	1	1	1	#_31        
 2014	1	1	0	0	1	-1	-1	10	1	1	1	1	1	1	1	1	1	1	1	1	1	1	1	1	1	#_32        
 2015	1	1	0	0	1	-1	-1	10	1	1	1	1	1	1	1	1	1	1	1	1	1	1	1	1	1	#_33        
 2016	1	1	0	0	1	-1	-1	10	1	1	1	1	1	1	1	1	1	1	1	1	1	1	1	1	1	#_34        
 2017	1	1	0	0	1	-1	-1	10	1	1	1	1	1	1	1	1	1	1	1	1	1	1	1	1	1	#_35        
 2018	1	1	0	0	1	-1	-1	10	1	1	1	1	1	1	1	1	1	1	1	1	1	1	1	1	1	#_36        
 2019	1	1	0	0	1	-1	-1	10	1	1	1	1	1	1	1	1	1	1	1	1	1	1	1	1	1	#_37        
 2020	1	1	0	0	1	-1	-1	10	1	1	1	1	1	1	1	1	1	1	1	1	1	1	1	1	1	#_38        
 2021	1	1	0	0	1	-1	-1	10	1	1	1	1	1	1	1	1	1	1	1	1	1	1	1	1	1	#_39        
 2022	1	1	0	0	1	-1	-1	10	1	1	1	1	1	1	1	1	1	1	1	1	1	1	1	1	1	#_40        
 1985	1	2	0	0	1	-1	-1	10	1	1	1	1	1	1	1	1	1	1	1	1	1	1	1	1	1	#_41        
 1990	1	2	0	0	1	-1	-1	10	1	1	1	1	1	1	1	1	1	1	1	1	1	1	1	1	1	#_42        
 1991	1	2	0	0	1	-1	-1	10	1	1	1	1	1	1	1	1	1	1	1	1	1	1	1	1	1	#_43        
 2003	1	2	0	0	1	-1	-1	10	1	1	1	1	1	1	1	1	1	1	1	1	1	1	1	1	1	#_44        
 2004	1	2	0	0	1	-1	-1	10	1	1	1	1	1	1	1	1	1	1	1	1	1	1	1	1	1	#_45        
 2005	1	2	0	0	1	-1	-1	10	1	1	1	1	1	1	1	1	1	1	1	1	1	1	1	1	1	#_46        
 2006	1	2	0	0	1	-1	-1	10	1	1	1	1	1	1	1	1	1	1	1	1	1	1	1	1	1	#_47        
 2007	1	2	0	0	1	-1	-1	10	1	1	1	1	1	1	1	1	1	1	1	1	1	1	1	1	1	#_48        
 2008	1	2	0	0	1	-1	-1	10	1	1	1	1	1	1	1	1	1	1	1	1	1	1	1	1	1	#_49        
 2009	1	2	0	0	1	-1	-1	10	1	1	1	1	1	1	1	1	1	1	1	1	1	1	1	1	1	#_50        
 2011	1	2	0	0	1	-1	-1	10	1	1	1	1	1	1	1	1	1	1	1	1	1	1	1	1	1	#_51        
 2012	1	2	0	0	1	-1	-1	10	1	1	1	1	1	1	1	1	1	1	1	1	1	1	1	1	1	#_52        
 2013	1	2	0	0	1	-1	-1	10	1	1	1	1	1	1	1	1	1	1	1	1	1	1	1	1	1	#_53        
 2018	1	2	0	0	1	-1	-1	10	1	1	1	1	1	1	1	1	1	1	1	1	1	1	1	1	1	#_54        
 2019	1	2	0	0	1	-1	-1	10	1	1	1	1	1	1	1	1	1	1	1	1	1	1	1	1	1	#_55        
 2020	1	2	0	0	1	-1	-1	10	1	1	1	1	1	1	1	1	1	1	1	1	1	1	1	1	1	#_56        
 2021	1	2	0	0	1	-1	-1	10	1	1	1	1	1	1	1	1	1	1	1	1	1	1	1	1	1	#_57        
 2022	1	2	0	0	1	-1	-1	10	1	1	1	1	1	1	1	1	1	1	1	1	1	1	1	1	1	#_58        
 2003	1	4	0	0	1	12	12	10	1	1	1	1	1	1	1	1	1	1	1	1	1	1	1	1	1	#_59        
 2003	1	4	0	0	1	14	14	10	1	1	1	1	1	1	1	1	1	1	1	1	1	1	1	1	1	#_60        
 2003	1	4	0	0	1	16	16	10	1	1	1	1	1	1	1	1	1	1	1	1	1	1	1	1	1	#_61        
 2003	1	4	0	0	1	18	18	10	1	1	1	1	1	1	1	1	1	1	1	1	1	1	1	1	1	#_62        
 2003	1	4	0	0	1	20	20	10	1	1	1	1	1	1	1	1	1	1	1	1	1	1	1	1	1	#_63        
 2003	1	4	0	0	1	22	22	10	1	1	1	1	1	1	1	1	1	1	1	1	1	1	1	1	1	#_64        
 2003	1	4	0	0	1	24	24	10	1	1	1	1	1	1	1	1	1	1	1	1	1	1	1	1	1	#_65        
 2003	1	4	0	0	1	26	26	10	1	1	1	1	1	1	1	1	1	1	1	1	1	1	1	1	1	#_66        
 2003	1	4	0	0	1	28	28	10	1	1	1	1	1	1	1	1	1	1	1	1	1	1	1	1	1	#_67        
 2003	1	4	0	0	1	30	30	10	1	1	1	1	1	1	1	1	1	1	1	1	1	1	1	1	1	#_68        
 2003	1	4	0	0	1	32	32	10	1	1	1	1	1	1	1	1	1	1	1	1	1	1	1	1	1	#_69        
 2003	1	4	0	0	1	34	34	10	1	1	1	1	1	1	1	1	1	1	1	1	1	1	1	1	1	#_70        
 2003	1	4	0	0	1	36	36	10	1	1	1	1	1	1	1	1	1	1	1	1	1	1	1	1	1	#_71        
 2003	1	4	0	0	1	38	38	10	1	1	1	1	1	1	1	1	1	1	1	1	1	1	1	1	1	#_72        
 2003	1	4	0	0	1	40	40	10	1	1	1	1	1	1	1	1	1	1	1	1	1	1	1	1	1	#_73        
 2003	1	4	0	0	1	42	42	10	1	1	1	1	1	1	1	1	1	1	1	1	1	1	1	1	1	#_74        
 2003	1	4	0	0	1	44	44	10	1	1	1	1	1	1	1	1	1	1	1	1	1	1	1	1	1	#_75        
 2003	1	4	0	0	1	46	46	10	1	1	1	1	1	1	1	1	1	1	1	1	1	1	1	1	1	#_76        
 2003	1	4	0	0	1	48	48	10	1	1	1	1	1	1	1	1	1	1	1	1	1	1	1	1	1	#_77        
 2003	1	4	0	0	1	50	50	10	1	1	1	1	1	1	1	1	1	1	1	1	1	1	1	1	1	#_78        
 2003	1	4	0	0	1	52	52	10	1	1	1	1	1	1	1	1	1	1	1	1	1	1	1	1	1	#_79        
 2003	1	4	0	0	1	54	54	10	1	1	1	1	1	1	1	1	1	1	1	1	1	1	1	1	1	#_80        
 2003	1	4	0	0	1	56	56	10	1	1	1	1	1	1	1	1	1	1	1	1	1	1	1	1	1	#_81        
 2003	1	4	0	0	1	58	58	10	1	1	1	1	1	1	1	1	1	1	1	1	1	1	1	1	1	#_82        
 2003	1	4	0	0	1	60	60	10	1	1	1	1	1	1	1	1	1	1	1	1	1	1	1	1	1	#_83        
 2003	1	4	0	0	1	62	62	10	1	1	1	1	1	1	1	1	1	1	1	1	1	1	1	1	1	#_84        
 2004	1	4	0	0	1	12	12	10	1	1	1	1	1	1	1	1	1	1	1	1	1	1	1	1	1	#_85        
 2004	1	4	0	0	1	14	14	10	1	1	1	1	1	1	1	1	1	1	1	1	1	1	1	1	1	#_86        
 2004	1	4	0	0	1	16	16	10	1	1	1	1	1	1	1	1	1	1	1	1	1	1	1	1	1	#_87        
 2004	1	4	0	0	1	18	18	10	1	1	1	1	1	1	1	1	1	1	1	1	1	1	1	1	1	#_88        
 2004	1	4	0	0	1	20	20	10	1	1	1	1	1	1	1	1	1	1	1	1	1	1	1	1	1	#_89        
 2004	1	4	0	0	1	22	22	10	1	1	1	1	1	1	1	1	1	1	1	1	1	1	1	1	1	#_90        
 2004	1	4	0	0	1	24	24	10	1	1	1	1	1	1	1	1	1	1	1	1	1	1	1	1	1	#_91        
 2004	1	4	0	0	1	26	26	10	1	1	1	1	1	1	1	1	1	1	1	1	1	1	1	1	1	#_92        
 2004	1	4	0	0	1	28	28	10	1	1	1	1	1	1	1	1	1	1	1	1	1	1	1	1	1	#_93        
 2004	1	4	0	0	1	30	30	10	1	1	1	1	1	1	1	1	1	1	1	1	1	1	1	1	1	#_94        
 2004	1	4	0	0	1	32	32	10	1	1	1	1	1	1	1	1	1	1	1	1	1	1	1	1	1	#_95        
 2004	1	4	0	0	1	34	34	10	1	1	1	1	1	1	1	1	1	1	1	1	1	1	1	1	1	#_96        
 2004	1	4	0	0	1	36	36	10	1	1	1	1	1	1	1	1	1	1	1	1	1	1	1	1	1	#_97        
 2004	1	4	0	0	1	38	38	10	1	1	1	1	1	1	1	1	1	1	1	1	1	1	1	1	1	#_98        
 2004	1	4	0	0	1	40	40	10	1	1	1	1	1	1	1	1	1	1	1	1	1	1	1	1	1	#_99        
 2004	1	4	0	0	1	42	42	10	1	1	1	1	1	1	1	1	1	1	1	1	1	1	1	1	1	#_100       
 2004	1	4	0	0	1	44	44	10	1	1	1	1	1	1	1	1	1	1	1	1	1	1	1	1	1	#_101       
 2004	1	4	0	0	1	46	46	10	1	1	1	1	1	1	1	1	1	1	1	1	1	1	1	1	1	#_102       
 2004	1	4	0	0	1	48	48	10	1	1	1	1	1	1	1	1	1	1	1	1	1	1	1	1	1	#_103       
 2004	1	4	0	0	1	50	50	10	1	1	1	1	1	1	1	1	1	1	1	1	1	1	1	1	1	#_104       
 2004	1	4	0	0	1	52	52	10	1	1	1	1	1	1	1	1	1	1	1	1	1	1	1	1	1	#_105       
 2004	1	4	0	0	1	54	54	10	1	1	1	1	1	1	1	1	1	1	1	1	1	1	1	1	1	#_106       
 2004	1	4	0	0	1	56	56	10	1	1	1	1	1	1	1	1	1	1	1	1	1	1	1	1	1	#_107       
 2004	1	4	0	0	1	58	58	10	1	1	1	1	1	1	1	1	1	1	1	1	1	1	1	1	1	#_108       
 2004	1	4	0	0	1	60	60	10	1	1	1	1	1	1	1	1	1	1	1	1	1	1	1	1	1	#_109       
 2004	1	4	0	0	1	62	62	10	1	1	1	1	1	1	1	1	1	1	1	1	1	1	1	1	1	#_110       
 2005	1	4	0	0	1	12	12	10	1	1	1	1	1	1	1	1	1	1	1	1	1	1	1	1	1	#_111       
 2005	1	4	0	0	1	14	14	10	1	1	1	1	1	1	1	1	1	1	1	1	1	1	1	1	1	#_112       
 2005	1	4	0	0	1	16	16	10	1	1	1	1	1	1	1	1	1	1	1	1	1	1	1	1	1	#_113       
 2005	1	4	0	0	1	18	18	10	1	1	1	1	1	1	1	1	1	1	1	1	1	1	1	1	1	#_114       
 2005	1	4	0	0	1	20	20	10	1	1	1	1	1	1	1	1	1	1	1	1	1	1	1	1	1	#_115       
 2005	1	4	0	0	1	22	22	10	1	1	1	1	1	1	1	1	1	1	1	1	1	1	1	1	1	#_116       
 2005	1	4	0	0	1	24	24	10	1	1	1	1	1	1	1	1	1	1	1	1	1	1	1	1	1	#_117       
 2005	1	4	0	0	1	26	26	10	1	1	1	1	1	1	1	1	1	1	1	1	1	1	1	1	1	#_118       
 2005	1	4	0	0	1	28	28	10	1	1	1	1	1	1	1	1	1	1	1	1	1	1	1	1	1	#_119       
 2005	1	4	0	0	1	30	30	10	1	1	1	1	1	1	1	1	1	1	1	1	1	1	1	1	1	#_120       
 2005	1	4	0	0	1	32	32	10	1	1	1	1	1	1	1	1	1	1	1	1	1	1	1	1	1	#_121       
 2005	1	4	0	0	1	34	34	10	1	1	1	1	1	1	1	1	1	1	1	1	1	1	1	1	1	#_122       
 2005	1	4	0	0	1	36	36	10	1	1	1	1	1	1	1	1	1	1	1	1	1	1	1	1	1	#_123       
 2005	1	4	0	0	1	38	38	10	1	1	1	1	1	1	1	1	1	1	1	1	1	1	1	1	1	#_124       
 2005	1	4	0	0	1	40	40	10	1	1	1	1	1	1	1	1	1	1	1	1	1	1	1	1	1	#_125       
 2005	1	4	0	0	1	42	42	10	1	1	1	1	1	1	1	1	1	1	1	1	1	1	1	1	1	#_126       
 2005	1	4	0	0	1	44	44	10	1	1	1	1	1	1	1	1	1	1	1	1	1	1	1	1	1	#_127       
 2005	1	4	0	0	1	46	46	10	1	1	1	1	1	1	1	1	1	1	1	1	1	1	1	1	1	#_128       
 2005	1	4	0	0	1	48	48	10	1	1	1	1	1	1	1	1	1	1	1	1	1	1	1	1	1	#_129       
 2005	1	4	0	0	1	50	50	10	1	1	1	1	1	1	1	1	1	1	1	1	1	1	1	1	1	#_130       
 2005	1	4	0	0	1	52	52	10	1	1	1	1	1	1	1	1	1	1	1	1	1	1	1	1	1	#_131       
 2005	1	4	0	0	1	54	54	10	1	1	1	1	1	1	1	1	1	1	1	1	1	1	1	1	1	#_132       
 2005	1	4	0	0	1	56	56	10	1	1	1	1	1	1	1	1	1	1	1	1	1	1	1	1	1	#_133       
 2005	1	4	0	0	1	58	58	10	1	1	1	1	1	1	1	1	1	1	1	1	1	1	1	1	1	#_134       
 2005	1	4	0	0	1	60	60	10	1	1	1	1	1	1	1	1	1	1	1	1	1	1	1	1	1	#_135       
 2005	1	4	0	0	1	62	62	10	1	1	1	1	1	1	1	1	1	1	1	1	1	1	1	1	1	#_136       
 2006	1	4	0	0	1	12	12	10	1	1	1	1	1	1	1	1	1	1	1	1	1	1	1	1	1	#_137       
 2006	1	4	0	0	1	14	14	10	1	1	1	1	1	1	1	1	1	1	1	1	1	1	1	1	1	#_138       
 2006	1	4	0	0	1	16	16	10	1	1	1	1	1	1	1	1	1	1	1	1	1	1	1	1	1	#_139       
 2006	1	4	0	0	1	18	18	10	1	1	1	1	1	1	1	1	1	1	1	1	1	1	1	1	1	#_140       
 2006	1	4	0	0	1	20	20	10	1	1	1	1	1	1	1	1	1	1	1	1	1	1	1	1	1	#_141       
 2006	1	4	0	0	1	22	22	10	1	1	1	1	1	1	1	1	1	1	1	1	1	1	1	1	1	#_142       
 2006	1	4	0	0	1	24	24	10	1	1	1	1	1	1	1	1	1	1	1	1	1	1	1	1	1	#_143       
 2006	1	4	0	0	1	26	26	10	1	1	1	1	1	1	1	1	1	1	1	1	1	1	1	1	1	#_144       
 2006	1	4	0	0	1	28	28	10	1	1	1	1	1	1	1	1	1	1	1	1	1	1	1	1	1	#_145       
 2006	1	4	0	0	1	30	30	10	1	1	1	1	1	1	1	1	1	1	1	1	1	1	1	1	1	#_146       
 2006	1	4	0	0	1	32	32	10	1	1	1	1	1	1	1	1	1	1	1	1	1	1	1	1	1	#_147       
 2006	1	4	0	0	1	34	34	10	1	1	1	1	1	1	1	1	1	1	1	1	1	1	1	1	1	#_148       
 2006	1	4	0	0	1	36	36	10	1	1	1	1	1	1	1	1	1	1	1	1	1	1	1	1	1	#_149       
 2006	1	4	0	0	1	38	38	10	1	1	1	1	1	1	1	1	1	1	1	1	1	1	1	1	1	#_150       
 2006	1	4	0	0	1	40	40	10	1	1	1	1	1	1	1	1	1	1	1	1	1	1	1	1	1	#_151       
 2006	1	4	0	0	1	42	42	10	1	1	1	1	1	1	1	1	1	1	1	1	1	1	1	1	1	#_152       
 2006	1	4	0	0	1	44	44	10	1	1	1	1	1	1	1	1	1	1	1	1	1	1	1	1	1	#_153       
 2006	1	4	0	0	1	46	46	10	1	1	1	1	1	1	1	1	1	1	1	1	1	1	1	1	1	#_154       
 2006	1	4	0	0	1	48	48	10	1	1	1	1	1	1	1	1	1	1	1	1	1	1	1	1	1	#_155       
 2006	1	4	0	0	1	50	50	10	1	1	1	1	1	1	1	1	1	1	1	1	1	1	1	1	1	#_156       
 2006	1	4	0	0	1	52	52	10	1	1	1	1	1	1	1	1	1	1	1	1	1	1	1	1	1	#_157       
 2006	1	4	0	0	1	54	54	10	1	1	1	1	1	1	1	1	1	1	1	1	1	1	1	1	1	#_158       
 2006	1	4	0	0	1	56	56	10	1	1	1	1	1	1	1	1	1	1	1	1	1	1	1	1	1	#_159       
 2006	1	4	0	0	1	58	58	10	1	1	1	1	1	1	1	1	1	1	1	1	1	1	1	1	1	#_160       
 2006	1	4	0	0	1	60	60	10	1	1	1	1	1	1	1	1	1	1	1	1	1	1	1	1	1	#_161       
 2006	1	4	0	0	1	62	62	10	1	1	1	1	1	1	1	1	1	1	1	1	1	1	1	1	1	#_162       
 2007	1	4	0	0	1	12	12	10	1	1	1	1	1	1	1	1	1	1	1	1	1	1	1	1	1	#_163       
 2007	1	4	0	0	1	14	14	10	1	1	1	1	1	1	1	1	1	1	1	1	1	1	1	1	1	#_164       
 2007	1	4	0	0	1	16	16	10	1	1	1	1	1	1	1	1	1	1	1	1	1	1	1	1	1	#_165       
 2007	1	4	0	0	1	18	18	10	1	1	1	1	1	1	1	1	1	1	1	1	1	1	1	1	1	#_166       
 2007	1	4	0	0	1	20	20	10	1	1	1	1	1	1	1	1	1	1	1	1	1	1	1	1	1	#_167       
 2007	1	4	0	0	1	22	22	10	1	1	1	1	1	1	1	1	1	1	1	1	1	1	1	1	1	#_168       
 2007	1	4	0	0	1	24	24	10	1	1	1	1	1	1	1	1	1	1	1	1	1	1	1	1	1	#_169       
 2007	1	4	0	0	1	26	26	10	1	1	1	1	1	1	1	1	1	1	1	1	1	1	1	1	1	#_170       
 2007	1	4	0	0	1	28	28	10	1	1	1	1	1	1	1	1	1	1	1	1	1	1	1	1	1	#_171       
 2007	1	4	0	0	1	30	30	10	1	1	1	1	1	1	1	1	1	1	1	1	1	1	1	1	1	#_172       
 2007	1	4	0	0	1	32	32	10	1	1	1	1	1	1	1	1	1	1	1	1	1	1	1	1	1	#_173       
 2007	1	4	0	0	1	34	34	10	1	1	1	1	1	1	1	1	1	1	1	1	1	1	1	1	1	#_174       
 2007	1	4	0	0	1	36	36	10	1	1	1	1	1	1	1	1	1	1	1	1	1	1	1	1	1	#_175       
 2007	1	4	0	0	1	38	38	10	1	1	1	1	1	1	1	1	1	1	1	1	1	1	1	1	1	#_176       
 2007	1	4	0	0	1	40	40	10	1	1	1	1	1	1	1	1	1	1	1	1	1	1	1	1	1	#_177       
 2007	1	4	0	0	1	42	42	10	1	1	1	1	1	1	1	1	1	1	1	1	1	1	1	1	1	#_178       
 2007	1	4	0	0	1	44	44	10	1	1	1	1	1	1	1	1	1	1	1	1	1	1	1	1	1	#_179       
 2007	1	4	0	0	1	46	46	10	1	1	1	1	1	1	1	1	1	1	1	1	1	1	1	1	1	#_180       
 2007	1	4	0	0	1	48	48	10	1	1	1	1	1	1	1	1	1	1	1	1	1	1	1	1	1	#_181       
 2007	1	4	0	0	1	50	50	10	1	1	1	1	1	1	1	1	1	1	1	1	1	1	1	1	1	#_182       
 2007	1	4	0	0	1	52	52	10	1	1	1	1	1	1	1	1	1	1	1	1	1	1	1	1	1	#_183       
 2007	1	4	0	0	1	54	54	10	1	1	1	1	1	1	1	1	1	1	1	1	1	1	1	1	1	#_184       
 2007	1	4	0	0	1	56	56	10	1	1	1	1	1	1	1	1	1	1	1	1	1	1	1	1	1	#_185       
 2007	1	4	0	0	1	58	58	10	1	1	1	1	1	1	1	1	1	1	1	1	1	1	1	1	1	#_186       
 2007	1	4	0	0	1	60	60	10	1	1	1	1	1	1	1	1	1	1	1	1	1	1	1	1	1	#_187       
 2007	1	4	0	0	1	62	62	10	1	1	1	1	1	1	1	1	1	1	1	1	1	1	1	1	1	#_188       
 2008	1	4	0	0	1	12	12	10	1	1	1	1	1	1	1	1	1	1	1	1	1	1	1	1	1	#_189       
 2008	1	4	0	0	1	14	14	10	1	1	1	1	1	1	1	1	1	1	1	1	1	1	1	1	1	#_190       
 2008	1	4	0	0	1	16	16	10	1	1	1	1	1	1	1	1	1	1	1	1	1	1	1	1	1	#_191       
 2008	1	4	0	0	1	18	18	10	1	1	1	1	1	1	1	1	1	1	1	1	1	1	1	1	1	#_192       
 2008	1	4	0	0	1	20	20	10	1	1	1	1	1	1	1	1	1	1	1	1	1	1	1	1	1	#_193       
 2008	1	4	0	0	1	22	22	10	1	1	1	1	1	1	1	1	1	1	1	1	1	1	1	1	1	#_194       
 2008	1	4	0	0	1	24	24	10	1	1	1	1	1	1	1	1	1	1	1	1	1	1	1	1	1	#_195       
 2008	1	4	0	0	1	26	26	10	1	1	1	1	1	1	1	1	1	1	1	1	1	1	1	1	1	#_196       
 2008	1	4	0	0	1	28	28	10	1	1	1	1	1	1	1	1	1	1	1	1	1	1	1	1	1	#_197       
 2008	1	4	0	0	1	30	30	10	1	1	1	1	1	1	1	1	1	1	1	1	1	1	1	1	1	#_198       
 2008	1	4	0	0	1	32	32	10	1	1	1	1	1	1	1	1	1	1	1	1	1	1	1	1	1	#_199       
 2008	1	4	0	0	1	34	34	10	1	1	1	1	1	1	1	1	1	1	1	1	1	1	1	1	1	#_200       
 2008	1	4	0	0	1	36	36	10	1	1	1	1	1	1	1	1	1	1	1	1	1	1	1	1	1	#_201       
 2008	1	4	0	0	1	38	38	10	1	1	1	1	1	1	1	1	1	1	1	1	1	1	1	1	1	#_202       
 2008	1	4	0	0	1	40	40	10	1	1	1	1	1	1	1	1	1	1	1	1	1	1	1	1	1	#_203       
 2008	1	4	0	0	1	42	42	10	1	1	1	1	1	1	1	1	1	1	1	1	1	1	1	1	1	#_204       
 2008	1	4	0	0	1	44	44	10	1	1	1	1	1	1	1	1	1	1	1	1	1	1	1	1	1	#_205       
 2008	1	4	0	0	1	46	46	10	1	1	1	1	1	1	1	1	1	1	1	1	1	1	1	1	1	#_206       
 2008	1	4	0	0	1	48	48	10	1	1	1	1	1	1	1	1	1	1	1	1	1	1	1	1	1	#_207       
 2008	1	4	0	0	1	50	50	10	1	1	1	1	1	1	1	1	1	1	1	1	1	1	1	1	1	#_208       
 2008	1	4	0	0	1	52	52	10	1	1	1	1	1	1	1	1	1	1	1	1	1	1	1	1	1	#_209       
 2008	1	4	0	0	1	54	54	10	1	1	1	1	1	1	1	1	1	1	1	1	1	1	1	1	1	#_210       
 2008	1	4	0	0	1	56	56	10	1	1	1	1	1	1	1	1	1	1	1	1	1	1	1	1	1	#_211       
 2008	1	4	0	0	1	58	58	10	1	1	1	1	1	1	1	1	1	1	1	1	1	1	1	1	1	#_212       
 2008	1	4	0	0	1	60	60	10	1	1	1	1	1	1	1	1	1	1	1	1	1	1	1	1	1	#_213       
 2008	1	4	0	0	1	62	62	10	1	1	1	1	1	1	1	1	1	1	1	1	1	1	1	1	1	#_214       
 2009	1	4	0	0	1	12	12	10	1	1	1	1	1	1	1	1	1	1	1	1	1	1	1	1	1	#_215       
 2009	1	4	0	0	1	14	14	10	1	1	1	1	1	1	1	1	1	1	1	1	1	1	1	1	1	#_216       
 2009	1	4	0	0	1	16	16	10	1	1	1	1	1	1	1	1	1	1	1	1	1	1	1	1	1	#_217       
 2009	1	4	0	0	1	18	18	10	1	1	1	1	1	1	1	1	1	1	1	1	1	1	1	1	1	#_218       
 2009	1	4	0	0	1	20	20	10	1	1	1	1	1	1	1	1	1	1	1	1	1	1	1	1	1	#_219       
 2009	1	4	0	0	1	22	22	10	1	1	1	1	1	1	1	1	1	1	1	1	1	1	1	1	1	#_220       
 2009	1	4	0	0	1	24	24	10	1	1	1	1	1	1	1	1	1	1	1	1	1	1	1	1	1	#_221       
 2009	1	4	0	0	1	26	26	10	1	1	1	1	1	1	1	1	1	1	1	1	1	1	1	1	1	#_222       
 2009	1	4	0	0	1	28	28	10	1	1	1	1	1	1	1	1	1	1	1	1	1	1	1	1	1	#_223       
 2009	1	4	0	0	1	30	30	10	1	1	1	1	1	1	1	1	1	1	1	1	1	1	1	1	1	#_224       
 2009	1	4	0	0	1	32	32	10	1	1	1	1	1	1	1	1	1	1	1	1	1	1	1	1	1	#_225       
 2009	1	4	0	0	1	34	34	10	1	1	1	1	1	1	1	1	1	1	1	1	1	1	1	1	1	#_226       
 2009	1	4	0	0	1	36	36	10	1	1	1	1	1	1	1	1	1	1	1	1	1	1	1	1	1	#_227       
 2009	1	4	0	0	1	38	38	10	1	1	1	1	1	1	1	1	1	1	1	1	1	1	1	1	1	#_228       
 2009	1	4	0	0	1	40	40	10	1	1	1	1	1	1	1	1	1	1	1	1	1	1	1	1	1	#_229       
 2009	1	4	0	0	1	42	42	10	1	1	1	1	1	1	1	1	1	1	1	1	1	1	1	1	1	#_230       
 2009	1	4	0	0	1	44	44	10	1	1	1	1	1	1	1	1	1	1	1	1	1	1	1	1	1	#_231       
 2009	1	4	0	0	1	46	46	10	1	1	1	1	1	1	1	1	1	1	1	1	1	1	1	1	1	#_232       
 2009	1	4	0	0	1	48	48	10	1	1	1	1	1	1	1	1	1	1	1	1	1	1	1	1	1	#_233       
 2009	1	4	0	0	1	50	50	10	1	1	1	1	1	1	1	1	1	1	1	1	1	1	1	1	1	#_234       
 2009	1	4	0	0	1	52	52	10	1	1	1	1	1	1	1	1	1	1	1	1	1	1	1	1	1	#_235       
 2009	1	4	0	0	1	54	54	10	1	1	1	1	1	1	1	1	1	1	1	1	1	1	1	1	1	#_236       
 2009	1	4	0	0	1	56	56	10	1	1	1	1	1	1	1	1	1	1	1	1	1	1	1	1	1	#_237       
 2009	1	4	0	0	1	58	58	10	1	1	1	1	1	1	1	1	1	1	1	1	1	1	1	1	1	#_238       
 2009	1	4	0	0	1	60	60	10	1	1	1	1	1	1	1	1	1	1	1	1	1	1	1	1	1	#_239       
 2009	1	4	0	0	1	62	62	10	1	1	1	1	1	1	1	1	1	1	1	1	1	1	1	1	1	#_240       
 2010	1	4	0	0	1	12	12	10	1	1	1	1	1	1	1	1	1	1	1	1	1	1	1	1	1	#_241       
 2010	1	4	0	0	1	14	14	10	1	1	1	1	1	1	1	1	1	1	1	1	1	1	1	1	1	#_242       
 2010	1	4	0	0	1	16	16	10	1	1	1	1	1	1	1	1	1	1	1	1	1	1	1	1	1	#_243       
 2010	1	4	0	0	1	18	18	10	1	1	1	1	1	1	1	1	1	1	1	1	1	1	1	1	1	#_244       
 2010	1	4	0	0	1	20	20	10	1	1	1	1	1	1	1	1	1	1	1	1	1	1	1	1	1	#_245       
 2010	1	4	0	0	1	22	22	10	1	1	1	1	1	1	1	1	1	1	1	1	1	1	1	1	1	#_246       
 2010	1	4	0	0	1	24	24	10	1	1	1	1	1	1	1	1	1	1	1	1	1	1	1	1	1	#_247       
 2010	1	4	0	0	1	26	26	10	1	1	1	1	1	1	1	1	1	1	1	1	1	1	1	1	1	#_248       
 2010	1	4	0	0	1	28	28	10	1	1	1	1	1	1	1	1	1	1	1	1	1	1	1	1	1	#_249       
 2010	1	4	0	0	1	30	30	10	1	1	1	1	1	1	1	1	1	1	1	1	1	1	1	1	1	#_250       
 2010	1	4	0	0	1	32	32	10	1	1	1	1	1	1	1	1	1	1	1	1	1	1	1	1	1	#_251       
 2010	1	4	0	0	1	34	34	10	1	1	1	1	1	1	1	1	1	1	1	1	1	1	1	1	1	#_252       
 2010	1	4	0	0	1	36	36	10	1	1	1	1	1	1	1	1	1	1	1	1	1	1	1	1	1	#_253       
 2010	1	4	0	0	1	38	38	10	1	1	1	1	1	1	1	1	1	1	1	1	1	1	1	1	1	#_254       
 2010	1	4	0	0	1	40	40	10	1	1	1	1	1	1	1	1	1	1	1	1	1	1	1	1	1	#_255       
 2010	1	4	0	0	1	42	42	10	1	1	1	1	1	1	1	1	1	1	1	1	1	1	1	1	1	#_256       
 2010	1	4	0	0	1	44	44	10	1	1	1	1	1	1	1	1	1	1	1	1	1	1	1	1	1	#_257       
 2010	1	4	0	0	1	46	46	10	1	1	1	1	1	1	1	1	1	1	1	1	1	1	1	1	1	#_258       
 2010	1	4	0	0	1	48	48	10	1	1	1	1	1	1	1	1	1	1	1	1	1	1	1	1	1	#_259       
 2010	1	4	0	0	1	50	50	10	1	1	1	1	1	1	1	1	1	1	1	1	1	1	1	1	1	#_260       
 2010	1	4	0	0	1	52	52	10	1	1	1	1	1	1	1	1	1	1	1	1	1	1	1	1	1	#_261       
 2010	1	4	0	0	1	54	54	10	1	1	1	1	1	1	1	1	1	1	1	1	1	1	1	1	1	#_262       
 2010	1	4	0	0	1	56	56	10	1	1	1	1	1	1	1	1	1	1	1	1	1	1	1	1	1	#_263       
 2010	1	4	0	0	1	58	58	10	1	1	1	1	1	1	1	1	1	1	1	1	1	1	1	1	1	#_264       
 2010	1	4	0	0	1	60	60	10	1	1	1	1	1	1	1	1	1	1	1	1	1	1	1	1	1	#_265       
 2010	1	4	0	0	1	62	62	10	1	1	1	1	1	1	1	1	1	1	1	1	1	1	1	1	1	#_266       
 2011	1	4	0	0	1	12	12	10	1	1	1	1	1	1	1	1	1	1	1	1	1	1	1	1	1	#_267       
 2011	1	4	0	0	1	14	14	10	1	1	1	1	1	1	1	1	1	1	1	1	1	1	1	1	1	#_268       
 2011	1	4	0	0	1	16	16	10	1	1	1	1	1	1	1	1	1	1	1	1	1	1	1	1	1	#_269       
 2011	1	4	0	0	1	18	18	10	1	1	1	1	1	1	1	1	1	1	1	1	1	1	1	1	1	#_270       
 2011	1	4	0	0	1	20	20	10	1	1	1	1	1	1	1	1	1	1	1	1	1	1	1	1	1	#_271       
 2011	1	4	0	0	1	22	22	10	1	1	1	1	1	1	1	1	1	1	1	1	1	1	1	1	1	#_272       
 2011	1	4	0	0	1	24	24	10	1	1	1	1	1	1	1	1	1	1	1	1	1	1	1	1	1	#_273       
 2011	1	4	0	0	1	26	26	10	1	1	1	1	1	1	1	1	1	1	1	1	1	1	1	1	1	#_274       
 2011	1	4	0	0	1	28	28	10	1	1	1	1	1	1	1	1	1	1	1	1	1	1	1	1	1	#_275       
 2011	1	4	0	0	1	30	30	10	1	1	1	1	1	1	1	1	1	1	1	1	1	1	1	1	1	#_276       
 2011	1	4	0	0	1	32	32	10	1	1	1	1	1	1	1	1	1	1	1	1	1	1	1	1	1	#_277       
 2011	1	4	0	0	1	34	34	10	1	1	1	1	1	1	1	1	1	1	1	1	1	1	1	1	1	#_278       
 2011	1	4	0	0	1	36	36	10	1	1	1	1	1	1	1	1	1	1	1	1	1	1	1	1	1	#_279       
 2011	1	4	0	0	1	38	38	10	1	1	1	1	1	1	1	1	1	1	1	1	1	1	1	1	1	#_280       
 2011	1	4	0	0	1	40	40	10	1	1	1	1	1	1	1	1	1	1	1	1	1	1	1	1	1	#_281       
 2011	1	4	0	0	1	42	42	10	1	1	1	1	1	1	1	1	1	1	1	1	1	1	1	1	1	#_282       
 2011	1	4	0	0	1	44	44	10	1	1	1	1	1	1	1	1	1	1	1	1	1	1	1	1	1	#_283       
 2011	1	4	0	0	1	46	46	10	1	1	1	1	1	1	1	1	1	1	1	1	1	1	1	1	1	#_284       
 2011	1	4	0	0	1	48	48	10	1	1	1	1	1	1	1	1	1	1	1	1	1	1	1	1	1	#_285       
 2011	1	4	0	0	1	50	50	10	1	1	1	1	1	1	1	1	1	1	1	1	1	1	1	1	1	#_286       
 2011	1	4	0	0	1	52	52	10	1	1	1	1	1	1	1	1	1	1	1	1	1	1	1	1	1	#_287       
 2011	1	4	0	0	1	54	54	10	1	1	1	1	1	1	1	1	1	1	1	1	1	1	1	1	1	#_288       
 2011	1	4	0	0	1	56	56	10	1	1	1	1	1	1	1	1	1	1	1	1	1	1	1	1	1	#_289       
 2011	1	4	0	0	1	58	58	10	1	1	1	1	1	1	1	1	1	1	1	1	1	1	1	1	1	#_290       
 2011	1	4	0	0	1	60	60	10	1	1	1	1	1	1	1	1	1	1	1	1	1	1	1	1	1	#_291       
 2011	1	4	0	0	1	62	62	10	1	1	1	1	1	1	1	1	1	1	1	1	1	1	1	1	1	#_292       
 2012	1	4	0	0	1	12	12	10	1	1	1	1	1	1	1	1	1	1	1	1	1	1	1	1	1	#_293       
 2012	1	4	0	0	1	14	14	10	1	1	1	1	1	1	1	1	1	1	1	1	1	1	1	1	1	#_294       
 2012	1	4	0	0	1	16	16	10	1	1	1	1	1	1	1	1	1	1	1	1	1	1	1	1	1	#_295       
 2012	1	4	0	0	1	18	18	10	1	1	1	1	1	1	1	1	1	1	1	1	1	1	1	1	1	#_296       
 2012	1	4	0	0	1	20	20	10	1	1	1	1	1	1	1	1	1	1	1	1	1	1	1	1	1	#_297       
 2012	1	4	0	0	1	22	22	10	1	1	1	1	1	1	1	1	1	1	1	1	1	1	1	1	1	#_298       
 2012	1	4	0	0	1	24	24	10	1	1	1	1	1	1	1	1	1	1	1	1	1	1	1	1	1	#_299       
 2012	1	4	0	0	1	26	26	10	1	1	1	1	1	1	1	1	1	1	1	1	1	1	1	1	1	#_300       
 2012	1	4	0	0	1	28	28	10	1	1	1	1	1	1	1	1	1	1	1	1	1	1	1	1	1	#_301       
 2012	1	4	0	0	1	30	30	10	1	1	1	1	1	1	1	1	1	1	1	1	1	1	1	1	1	#_302       
 2012	1	4	0	0	1	32	32	10	1	1	1	1	1	1	1	1	1	1	1	1	1	1	1	1	1	#_303       
 2012	1	4	0	0	1	34	34	10	1	1	1	1	1	1	1	1	1	1	1	1	1	1	1	1	1	#_304       
 2012	1	4	0	0	1	36	36	10	1	1	1	1	1	1	1	1	1	1	1	1	1	1	1	1	1	#_305       
 2012	1	4	0	0	1	38	38	10	1	1	1	1	1	1	1	1	1	1	1	1	1	1	1	1	1	#_306       
 2012	1	4	0	0	1	40	40	10	1	1	1	1	1	1	1	1	1	1	1	1	1	1	1	1	1	#_307       
 2012	1	4	0	0	1	42	42	10	1	1	1	1	1	1	1	1	1	1	1	1	1	1	1	1	1	#_308       
 2012	1	4	0	0	1	44	44	10	1	1	1	1	1	1	1	1	1	1	1	1	1	1	1	1	1	#_309       
 2012	1	4	0	0	1	46	46	10	1	1	1	1	1	1	1	1	1	1	1	1	1	1	1	1	1	#_310       
 2012	1	4	0	0	1	48	48	10	1	1	1	1	1	1	1	1	1	1	1	1	1	1	1	1	1	#_311       
 2012	1	4	0	0	1	50	50	10	1	1	1	1	1	1	1	1	1	1	1	1	1	1	1	1	1	#_312       
 2012	1	4	0	0	1	52	52	10	1	1	1	1	1	1	1	1	1	1	1	1	1	1	1	1	1	#_313       
 2012	1	4	0	0	1	54	54	10	1	1	1	1	1	1	1	1	1	1	1	1	1	1	1	1	1	#_314       
 2012	1	4	0	0	1	56	56	10	1	1	1	1	1	1	1	1	1	1	1	1	1	1	1	1	1	#_315       
 2012	1	4	0	0	1	58	58	10	1	1	1	1	1	1	1	1	1	1	1	1	1	1	1	1	1	#_316       
 2012	1	4	0	0	1	60	60	10	1	1	1	1	1	1	1	1	1	1	1	1	1	1	1	1	1	#_317       
 2012	1	4	0	0	1	62	62	10	1	1	1	1	1	1	1	1	1	1	1	1	1	1	1	1	1	#_318       
 2013	1	4	0	0	1	12	12	10	1	1	1	1	1	1	1	1	1	1	1	1	1	1	1	1	1	#_319       
 2013	1	4	0	0	1	14	14	10	1	1	1	1	1	1	1	1	1	1	1	1	1	1	1	1	1	#_320       
 2013	1	4	0	0	1	16	16	10	1	1	1	1	1	1	1	1	1	1	1	1	1	1	1	1	1	#_321       
 2013	1	4	0	0	1	18	18	10	1	1	1	1	1	1	1	1	1	1	1	1	1	1	1	1	1	#_322       
 2013	1	4	0	0	1	20	20	10	1	1	1	1	1	1	1	1	1	1	1	1	1	1	1	1	1	#_323       
 2013	1	4	0	0	1	22	22	10	1	1	1	1	1	1	1	1	1	1	1	1	1	1	1	1	1	#_324       
 2013	1	4	0	0	1	24	24	10	1	1	1	1	1	1	1	1	1	1	1	1	1	1	1	1	1	#_325       
 2013	1	4	0	0	1	26	26	10	1	1	1	1	1	1	1	1	1	1	1	1	1	1	1	1	1	#_326       
 2013	1	4	0	0	1	28	28	10	1	1	1	1	1	1	1	1	1	1	1	1	1	1	1	1	1	#_327       
 2013	1	4	0	0	1	30	30	10	1	1	1	1	1	1	1	1	1	1	1	1	1	1	1	1	1	#_328       
 2013	1	4	0	0	1	32	32	10	1	1	1	1	1	1	1	1	1	1	1	1	1	1	1	1	1	#_329       
 2013	1	4	0	0	1	34	34	10	1	1	1	1	1	1	1	1	1	1	1	1	1	1	1	1	1	#_330       
 2013	1	4	0	0	1	36	36	10	1	1	1	1	1	1	1	1	1	1	1	1	1	1	1	1	1	#_331       
 2013	1	4	0	0	1	38	38	10	1	1	1	1	1	1	1	1	1	1	1	1	1	1	1	1	1	#_332       
 2013	1	4	0	0	1	40	40	10	1	1	1	1	1	1	1	1	1	1	1	1	1	1	1	1	1	#_333       
 2013	1	4	0	0	1	42	42	10	1	1	1	1	1	1	1	1	1	1	1	1	1	1	1	1	1	#_334       
 2013	1	4	0	0	1	44	44	10	1	1	1	1	1	1	1	1	1	1	1	1	1	1	1	1	1	#_335       
 2013	1	4	0	0	1	46	46	10	1	1	1	1	1	1	1	1	1	1	1	1	1	1	1	1	1	#_336       
 2013	1	4	0	0	1	48	48	10	1	1	1	1	1	1	1	1	1	1	1	1	1	1	1	1	1	#_337       
 2013	1	4	0	0	1	50	50	10	1	1	1	1	1	1	1	1	1	1	1	1	1	1	1	1	1	#_338       
 2013	1	4	0	0	1	52	52	10	1	1	1	1	1	1	1	1	1	1	1	1	1	1	1	1	1	#_339       
 2013	1	4	0	0	1	54	54	10	1	1	1	1	1	1	1	1	1	1	1	1	1	1	1	1	1	#_340       
 2013	1	4	0	0	1	56	56	10	1	1	1	1	1	1	1	1	1	1	1	1	1	1	1	1	1	#_341       
 2013	1	4	0	0	1	58	58	10	1	1	1	1	1	1	1	1	1	1	1	1	1	1	1	1	1	#_342       
 2013	1	4	0	0	1	60	60	10	1	1	1	1	1	1	1	1	1	1	1	1	1	1	1	1	1	#_343       
 2013	1	4	0	0	1	62	62	10	1	1	1	1	1	1	1	1	1	1	1	1	1	1	1	1	1	#_344       
 2014	1	4	0	0	1	12	12	10	1	1	1	1	1	1	1	1	1	1	1	1	1	1	1	1	1	#_345       
 2014	1	4	0	0	1	14	14	10	1	1	1	1	1	1	1	1	1	1	1	1	1	1	1	1	1	#_346       
 2014	1	4	0	0	1	16	16	10	1	1	1	1	1	1	1	1	1	1	1	1	1	1	1	1	1	#_347       
 2014	1	4	0	0	1	18	18	10	1	1	1	1	1	1	1	1	1	1	1	1	1	1	1	1	1	#_348       
 2014	1	4	0	0	1	20	20	10	1	1	1	1	1	1	1	1	1	1	1	1	1	1	1	1	1	#_349       
 2014	1	4	0	0	1	22	22	10	1	1	1	1	1	1	1	1	1	1	1	1	1	1	1	1	1	#_350       
 2014	1	4	0	0	1	24	24	10	1	1	1	1	1	1	1	1	1	1	1	1	1	1	1	1	1	#_351       
 2014	1	4	0	0	1	26	26	10	1	1	1	1	1	1	1	1	1	1	1	1	1	1	1	1	1	#_352       
 2014	1	4	0	0	1	28	28	10	1	1	1	1	1	1	1	1	1	1	1	1	1	1	1	1	1	#_353       
 2014	1	4	0	0	1	30	30	10	1	1	1	1	1	1	1	1	1	1	1	1	1	1	1	1	1	#_354       
 2014	1	4	0	0	1	32	32	10	1	1	1	1	1	1	1	1	1	1	1	1	1	1	1	1	1	#_355       
 2014	1	4	0	0	1	34	34	10	1	1	1	1	1	1	1	1	1	1	1	1	1	1	1	1	1	#_356       
 2014	1	4	0	0	1	36	36	10	1	1	1	1	1	1	1	1	1	1	1	1	1	1	1	1	1	#_357       
 2014	1	4	0	0	1	38	38	10	1	1	1	1	1	1	1	1	1	1	1	1	1	1	1	1	1	#_358       
 2014	1	4	0	0	1	40	40	10	1	1	1	1	1	1	1	1	1	1	1	1	1	1	1	1	1	#_359       
 2014	1	4	0	0	1	42	42	10	1	1	1	1	1	1	1	1	1	1	1	1	1	1	1	1	1	#_360       
 2014	1	4	0	0	1	44	44	10	1	1	1	1	1	1	1	1	1	1	1	1	1	1	1	1	1	#_361       
 2014	1	4	0	0	1	46	46	10	1	1	1	1	1	1	1	1	1	1	1	1	1	1	1	1	1	#_362       
 2014	1	4	0	0	1	48	48	10	1	1	1	1	1	1	1	1	1	1	1	1	1	1	1	1	1	#_363       
 2014	1	4	0	0	1	50	50	10	1	1	1	1	1	1	1	1	1	1	1	1	1	1	1	1	1	#_364       
 2014	1	4	0	0	1	52	52	10	1	1	1	1	1	1	1	1	1	1	1	1	1	1	1	1	1	#_365       
 2014	1	4	0	0	1	54	54	10	1	1	1	1	1	1	1	1	1	1	1	1	1	1	1	1	1	#_366       
 2014	1	4	0	0	1	56	56	10	1	1	1	1	1	1	1	1	1	1	1	1	1	1	1	1	1	#_367       
 2014	1	4	0	0	1	58	58	10	1	1	1	1	1	1	1	1	1	1	1	1	1	1	1	1	1	#_368       
 2014	1	4	0	0	1	60	60	10	1	1	1	1	1	1	1	1	1	1	1	1	1	1	1	1	1	#_369       
 2014	1	4	0	0	1	62	62	10	1	1	1	1	1	1	1	1	1	1	1	1	1	1	1	1	1	#_370       
 2015	1	4	0	0	1	12	12	10	1	1	1	1	1	1	1	1	1	1	1	1	1	1	1	1	1	#_371       
 2015	1	4	0	0	1	14	14	10	1	1	1	1	1	1	1	1	1	1	1	1	1	1	1	1	1	#_372       
 2015	1	4	0	0	1	16	16	10	1	1	1	1	1	1	1	1	1	1	1	1	1	1	1	1	1	#_373       
 2015	1	4	0	0	1	18	18	10	1	1	1	1	1	1	1	1	1	1	1	1	1	1	1	1	1	#_374       
 2015	1	4	0	0	1	20	20	10	1	1	1	1	1	1	1	1	1	1	1	1	1	1	1	1	1	#_375       
 2015	1	4	0	0	1	22	22	10	1	1	1	1	1	1	1	1	1	1	1	1	1	1	1	1	1	#_376       
 2015	1	4	0	0	1	24	24	10	1	1	1	1	1	1	1	1	1	1	1	1	1	1	1	1	1	#_377       
 2015	1	4	0	0	1	26	26	10	1	1	1	1	1	1	1	1	1	1	1	1	1	1	1	1	1	#_378       
 2015	1	4	0	0	1	28	28	10	1	1	1	1	1	1	1	1	1	1	1	1	1	1	1	1	1	#_379       
 2015	1	4	0	0	1	30	30	10	1	1	1	1	1	1	1	1	1	1	1	1	1	1	1	1	1	#_380       
 2015	1	4	0	0	1	32	32	10	1	1	1	1	1	1	1	1	1	1	1	1	1	1	1	1	1	#_381       
 2015	1	4	0	0	1	34	34	10	1	1	1	1	1	1	1	1	1	1	1	1	1	1	1	1	1	#_382       
 2015	1	4	0	0	1	36	36	10	1	1	1	1	1	1	1	1	1	1	1	1	1	1	1	1	1	#_383       
 2015	1	4	0	0	1	38	38	10	1	1	1	1	1	1	1	1	1	1	1	1	1	1	1	1	1	#_384       
 2015	1	4	0	0	1	40	40	10	1	1	1	1	1	1	1	1	1	1	1	1	1	1	1	1	1	#_385       
 2015	1	4	0	0	1	42	42	10	1	1	1	1	1	1	1	1	1	1	1	1	1	1	1	1	1	#_386       
 2015	1	4	0	0	1	44	44	10	1	1	1	1	1	1	1	1	1	1	1	1	1	1	1	1	1	#_387       
 2015	1	4	0	0	1	46	46	10	1	1	1	1	1	1	1	1	1	1	1	1	1	1	1	1	1	#_388       
 2015	1	4	0	0	1	48	48	10	1	1	1	1	1	1	1	1	1	1	1	1	1	1	1	1	1	#_389       
 2015	1	4	0	0	1	50	50	10	1	1	1	1	1	1	1	1	1	1	1	1	1	1	1	1	1	#_390       
 2015	1	4	0	0	1	52	52	10	1	1	1	1	1	1	1	1	1	1	1	1	1	1	1	1	1	#_391       
 2015	1	4	0	0	1	54	54	10	1	1	1	1	1	1	1	1	1	1	1	1	1	1	1	1	1	#_392       
 2015	1	4	0	0	1	56	56	10	1	1	1	1	1	1	1	1	1	1	1	1	1	1	1	1	1	#_393       
 2015	1	4	0	0	1	58	58	10	1	1	1	1	1	1	1	1	1	1	1	1	1	1	1	1	1	#_394       
 2015	1	4	0	0	1	60	60	10	1	1	1	1	1	1	1	1	1	1	1	1	1	1	1	1	1	#_395       
 2015	1	4	0	0	1	62	62	10	1	1	1	1	1	1	1	1	1	1	1	1	1	1	1	1	1	#_396       
 2016	1	4	0	0	1	12	12	10	1	1	1	1	1	1	1	1	1	1	1	1	1	1	1	1	1	#_397       
 2016	1	4	0	0	1	14	14	10	1	1	1	1	1	1	1	1	1	1	1	1	1	1	1	1	1	#_398       
 2016	1	4	0	0	1	16	16	10	1	1	1	1	1	1	1	1	1	1	1	1	1	1	1	1	1	#_399       
 2016	1	4	0	0	1	18	18	10	1	1	1	1	1	1	1	1	1	1	1	1	1	1	1	1	1	#_400       
 2016	1	4	0	0	1	20	20	10	1	1	1	1	1	1	1	1	1	1	1	1	1	1	1	1	1	#_401       
 2016	1	4	0	0	1	22	22	10	1	1	1	1	1	1	1	1	1	1	1	1	1	1	1	1	1	#_402       
 2016	1	4	0	0	1	24	24	10	1	1	1	1	1	1	1	1	1	1	1	1	1	1	1	1	1	#_403       
 2016	1	4	0	0	1	26	26	10	1	1	1	1	1	1	1	1	1	1	1	1	1	1	1	1	1	#_404       
 2016	1	4	0	0	1	28	28	10	1	1	1	1	1	1	1	1	1	1	1	1	1	1	1	1	1	#_405       
 2016	1	4	0	0	1	30	30	10	1	1	1	1	1	1	1	1	1	1	1	1	1	1	1	1	1	#_406       
 2016	1	4	0	0	1	32	32	10	1	1	1	1	1	1	1	1	1	1	1	1	1	1	1	1	1	#_407       
 2016	1	4	0	0	1	34	34	10	1	1	1	1	1	1	1	1	1	1	1	1	1	1	1	1	1	#_408       
 2016	1	4	0	0	1	36	36	10	1	1	1	1	1	1	1	1	1	1	1	1	1	1	1	1	1	#_409       
 2016	1	4	0	0	1	38	38	10	1	1	1	1	1	1	1	1	1	1	1	1	1	1	1	1	1	#_410       
 2016	1	4	0	0	1	40	40	10	1	1	1	1	1	1	1	1	1	1	1	1	1	1	1	1	1	#_411       
 2016	1	4	0	0	1	42	42	10	1	1	1	1	1	1	1	1	1	1	1	1	1	1	1	1	1	#_412       
 2016	1	4	0	0	1	44	44	10	1	1	1	1	1	1	1	1	1	1	1	1	1	1	1	1	1	#_413       
 2016	1	4	0	0	1	46	46	10	1	1	1	1	1	1	1	1	1	1	1	1	1	1	1	1	1	#_414       
 2016	1	4	0	0	1	48	48	10	1	1	1	1	1	1	1	1	1	1	1	1	1	1	1	1	1	#_415       
 2016	1	4	0	0	1	50	50	10	1	1	1	1	1	1	1	1	1	1	1	1	1	1	1	1	1	#_416       
 2016	1	4	0	0	1	52	52	10	1	1	1	1	1	1	1	1	1	1	1	1	1	1	1	1	1	#_417       
 2016	1	4	0	0	1	54	54	10	1	1	1	1	1	1	1	1	1	1	1	1	1	1	1	1	1	#_418       
 2016	1	4	0	0	1	56	56	10	1	1	1	1	1	1	1	1	1	1	1	1	1	1	1	1	1	#_419       
 2016	1	4	0	0	1	58	58	10	1	1	1	1	1	1	1	1	1	1	1	1	1	1	1	1	1	#_420       
 2016	1	4	0	0	1	60	60	10	1	1	1	1	1	1	1	1	1	1	1	1	1	1	1	1	1	#_421       
 2016	1	4	0	0	1	62	62	10	1	1	1	1	1	1	1	1	1	1	1	1	1	1	1	1	1	#_422       
 2017	1	4	0	0	1	12	12	10	1	1	1	1	1	1	1	1	1	1	1	1	1	1	1	1	1	#_423       
 2017	1	4	0	0	1	14	14	10	1	1	1	1	1	1	1	1	1	1	1	1	1	1	1	1	1	#_424       
 2017	1	4	0	0	1	16	16	10	1	1	1	1	1	1	1	1	1	1	1	1	1	1	1	1	1	#_425       
 2017	1	4	0	0	1	18	18	10	1	1	1	1	1	1	1	1	1	1	1	1	1	1	1	1	1	#_426       
 2017	1	4	0	0	1	20	20	10	1	1	1	1	1	1	1	1	1	1	1	1	1	1	1	1	1	#_427       
 2017	1	4	0	0	1	22	22	10	1	1	1	1	1	1	1	1	1	1	1	1	1	1	1	1	1	#_428       
 2017	1	4	0	0	1	24	24	10	1	1	1	1	1	1	1	1	1	1	1	1	1	1	1	1	1	#_429       
 2017	1	4	0	0	1	26	26	10	1	1	1	1	1	1	1	1	1	1	1	1	1	1	1	1	1	#_430       
 2017	1	4	0	0	1	28	28	10	1	1	1	1	1	1	1	1	1	1	1	1	1	1	1	1	1	#_431       
 2017	1	4	0	0	1	30	30	10	1	1	1	1	1	1	1	1	1	1	1	1	1	1	1	1	1	#_432       
 2017	1	4	0	0	1	32	32	10	1	1	1	1	1	1	1	1	1	1	1	1	1	1	1	1	1	#_433       
 2017	1	4	0	0	1	34	34	10	1	1	1	1	1	1	1	1	1	1	1	1	1	1	1	1	1	#_434       
 2017	1	4	0	0	1	36	36	10	1	1	1	1	1	1	1	1	1	1	1	1	1	1	1	1	1	#_435       
 2017	1	4	0	0	1	38	38	10	1	1	1	1	1	1	1	1	1	1	1	1	1	1	1	1	1	#_436       
 2017	1	4	0	0	1	40	40	10	1	1	1	1	1	1	1	1	1	1	1	1	1	1	1	1	1	#_437       
 2017	1	4	0	0	1	42	42	10	1	1	1	1	1	1	1	1	1	1	1	1	1	1	1	1	1	#_438       
 2017	1	4	0	0	1	44	44	10	1	1	1	1	1	1	1	1	1	1	1	1	1	1	1	1	1	#_439       
 2017	1	4	0	0	1	46	46	10	1	1	1	1	1	1	1	1	1	1	1	1	1	1	1	1	1	#_440       
 2017	1	4	0	0	1	48	48	10	1	1	1	1	1	1	1	1	1	1	1	1	1	1	1	1	1	#_441       
 2017	1	4	0	0	1	50	50	10	1	1	1	1	1	1	1	1	1	1	1	1	1	1	1	1	1	#_442       
 2017	1	4	0	0	1	52	52	10	1	1	1	1	1	1	1	1	1	1	1	1	1	1	1	1	1	#_443       
 2017	1	4	0	0	1	54	54	10	1	1	1	1	1	1	1	1	1	1	1	1	1	1	1	1	1	#_444       
 2017	1	4	0	0	1	56	56	10	1	1	1	1	1	1	1	1	1	1	1	1	1	1	1	1	1	#_445       
 2017	1	4	0	0	1	58	58	10	1	1	1	1	1	1	1	1	1	1	1	1	1	1	1	1	1	#_446       
 2017	1	4	0	0	1	60	60	10	1	1	1	1	1	1	1	1	1	1	1	1	1	1	1	1	1	#_447       
 2017	1	4	0	0	1	62	62	10	1	1	1	1	1	1	1	1	1	1	1	1	1	1	1	1	1	#_448       
 2018	1	4	0	0	1	12	12	10	1	1	1	1	1	1	1	1	1	1	1	1	1	1	1	1	1	#_449       
 2018	1	4	0	0	1	14	14	10	1	1	1	1	1	1	1	1	1	1	1	1	1	1	1	1	1	#_450       
 2018	1	4	0	0	1	16	16	10	1	1	1	1	1	1	1	1	1	1	1	1	1	1	1	1	1	#_451       
 2018	1	4	0	0	1	18	18	10	1	1	1	1	1	1	1	1	1	1	1	1	1	1	1	1	1	#_452       
 2018	1	4	0	0	1	20	20	10	1	1	1	1	1	1	1	1	1	1	1	1	1	1	1	1	1	#_453       
 2018	1	4	0	0	1	22	22	10	1	1	1	1	1	1	1	1	1	1	1	1	1	1	1	1	1	#_454       
 2018	1	4	0	0	1	24	24	10	1	1	1	1	1	1	1	1	1	1	1	1	1	1	1	1	1	#_455       
 2018	1	4	0	0	1	26	26	10	1	1	1	1	1	1	1	1	1	1	1	1	1	1	1	1	1	#_456       
 2018	1	4	0	0	1	28	28	10	1	1	1	1	1	1	1	1	1	1	1	1	1	1	1	1	1	#_457       
 2018	1	4	0	0	1	30	30	10	1	1	1	1	1	1	1	1	1	1	1	1	1	1	1	1	1	#_458       
 2018	1	4	0	0	1	32	32	10	1	1	1	1	1	1	1	1	1	1	1	1	1	1	1	1	1	#_459       
 2018	1	4	0	0	1	34	34	10	1	1	1	1	1	1	1	1	1	1	1	1	1	1	1	1	1	#_460       
 2018	1	4	0	0	1	36	36	10	1	1	1	1	1	1	1	1	1	1	1	1	1	1	1	1	1	#_461       
 2018	1	4	0	0	1	38	38	10	1	1	1	1	1	1	1	1	1	1	1	1	1	1	1	1	1	#_462       
 2018	1	4	0	0	1	40	40	10	1	1	1	1	1	1	1	1	1	1	1	1	1	1	1	1	1	#_463       
 2018	1	4	0	0	1	42	42	10	1	1	1	1	1	1	1	1	1	1	1	1	1	1	1	1	1	#_464       
 2018	1	4	0	0	1	44	44	10	1	1	1	1	1	1	1	1	1	1	1	1	1	1	1	1	1	#_465       
 2018	1	4	0	0	1	46	46	10	1	1	1	1	1	1	1	1	1	1	1	1	1	1	1	1	1	#_466       
 2018	1	4	0	0	1	48	48	10	1	1	1	1	1	1	1	1	1	1	1	1	1	1	1	1	1	#_467       
 2018	1	4	0	0	1	50	50	10	1	1	1	1	1	1	1	1	1	1	1	1	1	1	1	1	1	#_468       
 2018	1	4	0	0	1	52	52	10	1	1	1	1	1	1	1	1	1	1	1	1	1	1	1	1	1	#_469       
 2018	1	4	0	0	1	54	54	10	1	1	1	1	1	1	1	1	1	1	1	1	1	1	1	1	1	#_470       
 2018	1	4	0	0	1	56	56	10	1	1	1	1	1	1	1	1	1	1	1	1	1	1	1	1	1	#_471       
 2018	1	4	0	0	1	58	58	10	1	1	1	1	1	1	1	1	1	1	1	1	1	1	1	1	1	#_472       
 2018	1	4	0	0	1	60	60	10	1	1	1	1	1	1	1	1	1	1	1	1	1	1	1	1	1	#_473       
 2018	1	4	0	0	1	62	62	10	1	1	1	1	1	1	1	1	1	1	1	1	1	1	1	1	1	#_474       
 2019	1	4	0	0	1	12	12	10	1	1	1	1	1	1	1	1	1	1	1	1	1	1	1	1	1	#_475       
 2019	1	4	0	0	1	14	14	10	1	1	1	1	1	1	1	1	1	1	1	1	1	1	1	1	1	#_476       
 2019	1	4	0	0	1	16	16	10	1	1	1	1	1	1	1	1	1	1	1	1	1	1	1	1	1	#_477       
 2019	1	4	0	0	1	18	18	10	1	1	1	1	1	1	1	1	1	1	1	1	1	1	1	1	1	#_478       
 2019	1	4	0	0	1	20	20	10	1	1	1	1	1	1	1	1	1	1	1	1	1	1	1	1	1	#_479       
 2019	1	4	0	0	1	22	22	10	1	1	1	1	1	1	1	1	1	1	1	1	1	1	1	1	1	#_480       
 2019	1	4	0	0	1	24	24	10	1	1	1	1	1	1	1	1	1	1	1	1	1	1	1	1	1	#_481       
 2019	1	4	0	0	1	26	26	10	1	1	1	1	1	1	1	1	1	1	1	1	1	1	1	1	1	#_482       
 2019	1	4	0	0	1	28	28	10	1	1	1	1	1	1	1	1	1	1	1	1	1	1	1	1	1	#_483       
 2019	1	4	0	0	1	30	30	10	1	1	1	1	1	1	1	1	1	1	1	1	1	1	1	1	1	#_484       
 2019	1	4	0	0	1	32	32	10	1	1	1	1	1	1	1	1	1	1	1	1	1	1	1	1	1	#_485       
 2019	1	4	0	0	1	34	34	10	1	1	1	1	1	1	1	1	1	1	1	1	1	1	1	1	1	#_486       
 2019	1	4	0	0	1	36	36	10	1	1	1	1	1	1	1	1	1	1	1	1	1	1	1	1	1	#_487       
 2019	1	4	0	0	1	38	38	10	1	1	1	1	1	1	1	1	1	1	1	1	1	1	1	1	1	#_488       
 2019	1	4	0	0	1	40	40	10	1	1	1	1	1	1	1	1	1	1	1	1	1	1	1	1	1	#_489       
 2019	1	4	0	0	1	42	42	10	1	1	1	1	1	1	1	1	1	1	1	1	1	1	1	1	1	#_490       
 2019	1	4	0	0	1	44	44	10	1	1	1	1	1	1	1	1	1	1	1	1	1	1	1	1	1	#_491       
 2019	1	4	0	0	1	46	46	10	1	1	1	1	1	1	1	1	1	1	1	1	1	1	1	1	1	#_492       
 2019	1	4	0	0	1	48	48	10	1	1	1	1	1	1	1	1	1	1	1	1	1	1	1	1	1	#_493       
 2019	1	4	0	0	1	50	50	10	1	1	1	1	1	1	1	1	1	1	1	1	1	1	1	1	1	#_494       
 2019	1	4	0	0	1	52	52	10	1	1	1	1	1	1	1	1	1	1	1	1	1	1	1	1	1	#_495       
 2019	1	4	0	0	1	54	54	10	1	1	1	1	1	1	1	1	1	1	1	1	1	1	1	1	1	#_496       
 2019	1	4	0	0	1	56	56	10	1	1	1	1	1	1	1	1	1	1	1	1	1	1	1	1	1	#_497       
 2019	1	4	0	0	1	58	58	10	1	1	1	1	1	1	1	1	1	1	1	1	1	1	1	1	1	#_498       
 2019	1	4	0	0	1	60	60	10	1	1	1	1	1	1	1	1	1	1	1	1	1	1	1	1	1	#_499       
 2019	1	4	0	0	1	62	62	10	1	1	1	1	1	1	1	1	1	1	1	1	1	1	1	1	1	#_500       
 2021	1	4	0	0	1	12	12	10	1	1	1	1	1	1	1	1	1	1	1	1	1	1	1	1	1	#_501       
 2021	1	4	0	0	1	14	14	10	1	1	1	1	1	1	1	1	1	1	1	1	1	1	1	1	1	#_502       
 2021	1	4	0	0	1	16	16	10	1	1	1	1	1	1	1	1	1	1	1	1	1	1	1	1	1	#_503       
 2021	1	4	0	0	1	18	18	10	1	1	1	1	1	1	1	1	1	1	1	1	1	1	1	1	1	#_504       
 2021	1	4	0	0	1	20	20	10	1	1	1	1	1	1	1	1	1	1	1	1	1	1	1	1	1	#_505       
 2021	1	4	0	0	1	22	22	10	1	1	1	1	1	1	1	1	1	1	1	1	1	1	1	1	1	#_506       
 2021	1	4	0	0	1	24	24	10	1	1	1	1	1	1	1	1	1	1	1	1	1	1	1	1	1	#_507       
 2021	1	4	0	0	1	26	26	10	1	1	1	1	1	1	1	1	1	1	1	1	1	1	1	1	1	#_508       
 2021	1	4	0	0	1	28	28	10	1	1	1	1	1	1	1	1	1	1	1	1	1	1	1	1	1	#_509       
 2021	1	4	0	0	1	30	30	10	1	1	1	1	1	1	1	1	1	1	1	1	1	1	1	1	1	#_510       
 2021	1	4	0	0	1	32	32	10	1	1	1	1	1	1	1	1	1	1	1	1	1	1	1	1	1	#_511       
 2021	1	4	0	0	1	34	34	10	1	1	1	1	1	1	1	1	1	1	1	1	1	1	1	1	1	#_512       
 2021	1	4	0	0	1	36	36	10	1	1	1	1	1	1	1	1	1	1	1	1	1	1	1	1	1	#_513       
 2021	1	4	0	0	1	38	38	10	1	1	1	1	1	1	1	1	1	1	1	1	1	1	1	1	1	#_514       
 2021	1	4	0	0	1	40	40	10	1	1	1	1	1	1	1	1	1	1	1	1	1	1	1	1	1	#_515       
 2021	1	4	0	0	1	42	42	10	1	1	1	1	1	1	1	1	1	1	1	1	1	1	1	1	1	#_516       
 2021	1	4	0	0	1	44	44	10	1	1	1	1	1	1	1	1	1	1	1	1	1	1	1	1	1	#_517       
 2021	1	4	0	0	1	46	46	10	1	1	1	1	1	1	1	1	1	1	1	1	1	1	1	1	1	#_518       
 2021	1	4	0	0	1	48	48	10	1	1	1	1	1	1	1	1	1	1	1	1	1	1	1	1	1	#_519       
 2021	1	4	0	0	1	50	50	10	1	1	1	1	1	1	1	1	1	1	1	1	1	1	1	1	1	#_520       
 2021	1	4	0	0	1	52	52	10	1	1	1	1	1	1	1	1	1	1	1	1	1	1	1	1	1	#_521       
 2021	1	4	0	0	1	54	54	10	1	1	1	1	1	1	1	1	1	1	1	1	1	1	1	1	1	#_522       
 2021	1	4	0	0	1	56	56	10	1	1	1	1	1	1	1	1	1	1	1	1	1	1	1	1	1	#_523       
 2021	1	4	0	0	1	58	58	10	1	1	1	1	1	1	1	1	1	1	1	1	1	1	1	1	1	#_524       
 2021	1	4	0	0	1	60	60	10	1	1	1	1	1	1	1	1	1	1	1	1	1	1	1	1	1	#_525       
 2021	1	4	0	0	1	62	62	10	1	1	1	1	1	1	1	1	1	1	1	1	1	1	1	1	1	#_526       
 2022	1	4	0	0	1	12	12	10	1	1	1	1	1	1	1	1	1	1	1	1	1	1	1	1	1	#_527       
 2022	1	4	0	0	1	14	14	10	1	1	1	1	1	1	1	1	1	1	1	1	1	1	1	1	1	#_528       
 2022	1	4	0	0	1	16	16	10	1	1	1	1	1	1	1	1	1	1	1	1	1	1	1	1	1	#_529       
 2022	1	4	0	0	1	18	18	10	1	1	1	1	1	1	1	1	1	1	1	1	1	1	1	1	1	#_530       
 2022	1	4	0	0	1	20	20	10	1	1	1	1	1	1	1	1	1	1	1	1	1	1	1	1	1	#_531       
 2022	1	4	0	0	1	22	22	10	1	1	1	1	1	1	1	1	1	1	1	1	1	1	1	1	1	#_532       
 2022	1	4	0	0	1	24	24	10	1	1	1	1	1	1	1	1	1	1	1	1	1	1	1	1	1	#_533       
 2022	1	4	0	0	1	26	26	10	1	1	1	1	1	1	1	1	1	1	1	1	1	1	1	1	1	#_534       
 2022	1	4	0	0	1	28	28	10	1	1	1	1	1	1	1	1	1	1	1	1	1	1	1	1	1	#_535       
 2022	1	4	0	0	1	30	30	10	1	1	1	1	1	1	1	1	1	1	1	1	1	1	1	1	1	#_536       
 2022	1	4	0	0	1	32	32	10	1	1	1	1	1	1	1	1	1	1	1	1	1	1	1	1	1	#_537       
 2022	1	4	0	0	1	34	34	10	1	1	1	1	1	1	1	1	1	1	1	1	1	1	1	1	1	#_538       
 2022	1	4	0	0	1	36	36	10	1	1	1	1	1	1	1	1	1	1	1	1	1	1	1	1	1	#_539       
 2022	1	4	0	0	1	38	38	10	1	1	1	1	1	1	1	1	1	1	1	1	1	1	1	1	1	#_540       
 2022	1	4	0	0	1	40	40	10	1	1	1	1	1	1	1	1	1	1	1	1	1	1	1	1	1	#_541       
 2022	1	4	0	0	1	42	42	10	1	1	1	1	1	1	1	1	1	1	1	1	1	1	1	1	1	#_542       
 2022	1	4	0	0	1	44	44	10	1	1	1	1	1	1	1	1	1	1	1	1	1	1	1	1	1	#_543       
 2022	1	4	0	0	1	46	46	10	1	1	1	1	1	1	1	1	1	1	1	1	1	1	1	1	1	#_544       
 2022	1	4	0	0	1	48	48	10	1	1	1	1	1	1	1	1	1	1	1	1	1	1	1	1	1	#_545       
 2022	1	4	0	0	1	50	50	10	1	1	1	1	1	1	1	1	1	1	1	1	1	1	1	1	1	#_546       
 2022	1	4	0	0	1	52	52	10	1	1	1	1	1	1	1	1	1	1	1	1	1	1	1	1	1	#_547       
 2022	1	4	0	0	1	54	54	10	1	1	1	1	1	1	1	1	1	1	1	1	1	1	1	1	1	#_548       
 2022	1	4	0	0	1	56	56	10	1	1	1	1	1	1	1	1	1	1	1	1	1	1	1	1	1	#_549       
 2022	1	4	0	0	1	58	58	10	1	1	1	1	1	1	1	1	1	1	1	1	1	1	1	1	1	#_550       
 2022	1	4	0	0	1	60	60	10	1	1	1	1	1	1	1	1	1	1	1	1	1	1	1	1	1	#_551       
 2022	1	4	0	0	1	62	62	10	1	1	1	1	1	1	1	1	1	1	1	1	1	1	1	1	1	#_552       
-9999	0	0	0	0	0	 0	 0	 0	0	0	0	0	0	0	0	0	0	0	0	0	0	0	0	0	0	#_terminator
#
#_MeanSize_at_Age_obs
0 #_use_MeanSize_at_Age_obs
0 #_N_environ_variables
0 #_N_sizefreq_methods
0 #_do_tags
0 #_morphcomp_data
0 #_use_selectivity_priors
#
999
