#Title, #runnumber: 13 petrale_data.ss petrale_control.ss 613.726 22.1027 8.36614 StartTime: Mon Jun 26 21:11:22 2023
SSv3_default_rebuild.dat
# Number of sexes
2
# Age range to consider (minimum age; maximum age)
0 40
# Number of fleets
2
# First year of projection (Yinit)
2015
# First Year of rebuilding period (Ydecl)
2013
# Number of simulations
1000
# Maximum number of years
500
# Conduct projections with multiple starting values (0=No;else yes)
0
# Number of parameter vectors
1000
# Is the maximum age a plus-group (1=Yes;2=No)
1
# Generate future recruitments using historical recruitments (1)  historical recruits/spawner (2)  or a stock-recruitment (3)
3
# Constant fishing mortality (1) or constant Catch (2) projections
1
# Fishing mortality based on SPR (1) or actual rate (2)
1
# Pre-specify the year of recovery (or -1) to ignore
-1
# Fecundity-at-age
# 0 1 2 3 4 5 6 7 8 9 10 11 12 13 14 15 16 17 18 19 20 21 22 23 24 25 26 27 28 29 30 31 32 33 34 35 36 37 38 39 40 #runnumber: 13 petrale_data.ss petrale_control.ss 613.726 22.1027 8.36614
 0 0 0 2.55365e-07 7.16602e-06 5.53547e-05 0.000174076 0.000337538 0.000510348 0.000674765 0.000824766 0.000958848 0.00107708 0.00118021 0.00126933 0.00134571 0.00141072 0.00146575 0.00151079 0.00154853 0.00158007 0.00160634 0.00162819 0.00164632 0.00166134 0.00167378 0.00168406 0.00169256 0.00169957 0.00170536 0.00171013 0.00171406 0.00171731 0.00171998 0.00172218 0.00172399 0.00172549 0.00172672 0.00172773 0.00172856 0.00172961 #female fecundity; weighted by N in year Y_init across morphs and areas
# Age specific selectivity and weight adjusted for discard and discard mortality
 #wt and selex for gender,fleet: 1 1 North
 0.00141981 0.0201103 0.0865326 0.199001 0.345135 0.50803 0.673546 0.831989 0.9777 1.10802 1.22229 1.32107 1.40556 1.47728 1.53779 1.58861 1.63114 1.66518 1.69225 1.71477 1.73348 1.749 1.76185 1.77248 1.78126 1.78852 1.79451 1.79945 1.80352 1.80688 1.80965 1.81193 1.81381 1.81535 1.81663 1.81768 1.81854 1.81925 1.81984 1.82032 1.82092
 0 1.85379e-05 0.000360184 0.00300961 0.0131746 0.0370396 0.0769019 0.129609 0.189029 0.249143 0.305669 0.356269 0.400109 0.437284 0.468373 0.494148 0.515401 0.532854 0.547206 0.55902 0.568736 0.576724 0.583288 0.588684 0.593119 0.596764 0.599761 0.602226 0.604252 0.605918 0.607289 0.608417 0.609344 0.610107 0.610735 0.611251 0.611676 0.612026 0.612314 0.61255 0.612847
 #wt and selex for gender,fleet: 1 2 South
 0.00141981 0.0214105 0.0913915 0.206417 0.351636 0.509059 0.664991 0.810976 0.942854 1.05944 1.1612 1.24929 1.32508 1.38992 1.44509 1.49181 1.5312 1.56329 1.58928 1.61101 1.62912 1.6442 1.65672 1.66709 1.67569 1.68279 1.68867 1.69352 1.69752 1.70082 1.70355 1.70579 1.70764 1.70916 1.71042 1.71145 1.7123 1.713 1.71358 1.71405 1.71465
 0 1.99427e-05 0.000620778 0.00651401 0.0309712 0.0873482 0.174773 0.278944 0.383354 0.47697 0.555289 0.618205 0.667672 0.706204 0.736159 0.7595 0.777768 0.792483 0.804477 0.814058 0.821744 0.827931 0.832929 0.836977 0.840265 0.842941 0.845123 0.846905 0.848362 0.849555 0.850532 0.851334 0.851991 0.852531 0.852975 0.853339 0.853638 0.853884 0.854086 0.854253 0.854461
 #wt and selex for gender,fleet: 2 1 North
 0.0017419 0.0340861 0.111739 0.207433 0.305253 0.394646 0.471659 0.536263 0.590108 0.634973 0.672263 0.703078 0.728352 0.748924 0.765552 0.778913 0.789596 0.797924 0.804382 0.809501 0.813551 0.816748 0.819269 0.821255 0.822818 0.824047 0.825013 0.825773 0.826369 0.826837 0.827205 0.827493 0.82772 0.827898 0.828037 0.828147 0.828233 0.8283 0.828353 0.828395 0.828441
 0 5.44655e-09 7.95077e-06 0.000956957 0.0149113 0.073254 0.186386 0.324756 0.454452 0.559615 0.638929 0.696926 0.738973 0.76954 0.791938 0.808507 0.820881 0.83042 0.837861 0.843555 0.847934 0.851315 0.853934 0.855967 0.85755 0.858784 0.859747 0.8605 0.861089 0.86155 0.86191 0.862193 0.862414 0.862588 0.862724 0.862831 0.862915 0.86298 0.863032 0.863072 0.863117
 #wt and selex for gender,fleet: 2 2 South
 0.0017419 0.0314716 0.128258 0.215201 0.293976 0.361569 0.422191 0.478844 0.531342 0.578432 0.619289 0.653812 0.682421 0.7058 0.724713 0.7399 0.752029 0.761582 0.769078 0.775011 0.779697 0.783393 0.786305 0.788597 0.7904 0.791817 0.79293 0.793805 0.794492 0.795031 0.795455 0.795787 0.796048 0.796252 0.796413 0.796539 0.796638 0.796716 0.796776 0.796824 0.796877
 0 4.53407e-09 1.71434e-05 0.0045722 0.0724899 0.277625 0.526142 0.712502 0.825297 0.888984 0.924989 0.946 0.958783 0.966895 0.972244 0.97589 0.978445 0.980388 0.981897 0.983011 0.983844 0.984473 0.984952 0.985319 0.985601 0.985819 0.985989 0.98612 0.986223 0.986303 0.986365 0.986414 0.986452 0.986482 0.986506 0.986524 0.986538 0.98655 0.986558 0.986565 0.986573
# M and current age-structure in year Yinit: 2015
 # gender = 1
 0.160786 0.160786 0.160786 0.160786 0.160786 0.160786 0.160786 0.160786 0.160786 0.160786 0.160786 0.160786 0.160786 0.160786 0.160786 0.160786 0.160786 0.160786 0.160786 0.160786 0.160786 0.160786 0.160786 0.160786 0.160786 0.160786 0.160786 0.160786 0.160786 0.160786 0.160786 0.160786 0.160786 0.160786 0.160786 0.160786 0.160786 0.160786 0.160786 0.160786 0.160786
 9075.18 5737.92 5515.89 7254.55 3907.79 3044.31 3148.11 4820.12 3982.26 3265.65 848.122 574.001 332.596 273.948 121.66 65.2395 48.6 37.8307 9.13351 3.77373 1.82581 0.7856 0.477969 0.212458 0.0803901 0.0492916 0.0245935 0.010809 0.00367188 0.00103835 0.00064432 0.000387216 0.000134672 2.80497e-05 8.69319e-06 3.26592e-06 9.10602e-07 2.12364e-07 9.82584e-08 4.89704e-08 2.02117e-08
 # gender = 2
 0.177074 0.177074 0.177074 0.177074 0.177074 0.177074 0.177074 0.177074 0.177074 0.177074 0.177074 0.177074 0.177074 0.177074 0.177074 0.177074 0.177074 0.177074 0.177074 0.177074 0.177074 0.177074 0.177074 0.177074 0.177074 0.177074 0.177074 0.177074 0.177074 0.177074 0.177074 0.177074 0.177074 0.177074 0.177074 0.177074 0.177074 0.177074 0.177074 0.177074 0.177074
 9075.18 5645.22 5339.26 6911.48 3667.72 2797.05 2764.6 3923.3 2941.15 2161.81 491.518 275.562 123.317 74.7708 23.9998 9.34303 5.15298 2.99501 0.538696 0.167631 0.0632052 0.0222505 0.0114301 0.00428394 0.00136132 0.000708894 0.000301903 0.000111693 3.14006e-05 7.15066e-06 3.40042e-06 1.46946e-06 3.45298e-07 4.68571e-08 9.63127e-09 2.56271e-09 5.45638e-10 1.04497e-10 4.23406e-11 1.9192e-11 7.09533e-12
# Age-structure at Ydeclare= 2013
 7608.26 10010.5 5406.79 4252.85 4496.31 7141.35 6189.63 5352.86 1465.38 1040.97 629.295 537.308 245.865 135.128 102.707 81.2673 19.884 8.30576 4.0546 1.75739 1.07563 0.480462 0.182527 0.112285 0.0561745 0.0247435 0.00842076 0.00238481 0.00148164 0.00089131 0.00031025 6.46631e-05 2.00516e-05 7.53659e-06 2.10214e-06 4.90397e-07 2.2696e-07 1.13137e-07 3.23299e-08 9.16931e-09 5.20708e-09
 7608.26 9848.78 5233.61 4051.29 4218.67 6577.36 5512 4487.84 1106.71 658.669 307.568 192.17 63.0098 24.9068 13.89 8.13927 1.47297 0.460536 0.174283 0.0615258 0.0316739 0.0118909 0.00378346 0.00197216 0.000840554 0.00031116 8.75191e-05 1.99375e-05 9.48381e-06 4.09927e-06 9.63426e-07 1.30755e-07 2.68791e-08 7.15265e-09 1.52301e-09 2.91692e-10 1.18194e-10 5.35762e-11 1.41616e-11 3.74713e-12 1.89914e-12
# Year for Tmin Age-structure (set to Ydecl by SS)
2013
#  recruitment and biomass
# Number of historical assessment years
148
# Historical data
# year recruitment spawner in B0 in R project in R/S project
1875  1876 1877 1878 1879 1880 1881 1882 1883 1884 1885 1886 1887 1888 1889 1890 1891 1892 1893 1894 1895 1896 1897 1898 1899 1900 1901 1902 1903 1904 1905 1906 1907 1908 1909 1910 1911 1912 1913 1914 1915 1916 1917 1918 1919 1920 1921 1922 1923 1924 1925 1926 1927 1928 1929 1930 1931 1932 1933 1934 1935 1936 1937 1938 1939 1940 1941 1942 1943 1944 1945 1946 1947 1948 1949 1950 1951 1952 1953 1954 1955 1956 1957 1958 1959 1960 1961 1962 1963 1964 1965 1966 1967 1968 1969 1970 1971 1972 1973 1974 1975 1976 1977 1978 1979 1980 1981 1982 1983 1984 1985 1986 1987 1988 1989 1990 1991 1992 1993 1994 1995 1996 1997 1998 1999 2000 2001 2002 2003 2004 2005 2006 2007 2008 2009 2010 2011 2012 2013 2014 2015 2016 2017 2018 2019 2020 2021 2022 #years (with first value representing R0)
20123.4 20129.6 20129.6 20129.7 20129.7 20129.8 20129.6 20129.1 20128.4 20127.4 20126.2 20124.8 20123.3 20121.6 20119.8 20117.9 20115.9 20113.9 20111.8 20109.7 20107.6 20105.5 20103.4 20101.3 20099.3 20097.4 20095.6 20093.9 20092.4 20091.1 20089.9 20089 20088.4 20088.2 20088.3 20088.8 20089.8 20091.5 20093.7 20096.7 20100.5 20105.1 20110.9 20113.3 20121.1 20134.1 20152.5 20170.7 20186.6 20205.2 20223.2 20245.5 20273 20302.6 20340.8 20386.5 20447.6 20526.3 20626.1 20747.1 20837.1 20865 20769 20408.4 19684.5 18586.1 17331.6 16267.4 15740 16046.5 16872.1 16990.1 16519.8 16108.9 15872.7 15985.9 16077.6 15858.8 15425.4 15099.9 14520.4 13773.4 13663.3 15283.2 20474.5 24763.7 17633.9 14715.2 15956.9 16020.5 46061.1 25753.5 11163.9 8701.57 8775.26 10339.8 11683.3 10351.3 9675.41 11188.4 13933.3 16501.5 10806.4 7407.33 9914.18 11099.6 9347.88 9804.1 16008.1 16482.2 10425.9 6767.74 10128.1 13116 13502.4 12467.6 9465.82 11725.8 12424.9 9637.67 10564 10309.3 11874.7 23825.4 15252 10605.8 10761.5 13987.8 10482.3 11965.2 12459.4 35606.4 33505.7 32235 17147.9 13782.7 14915.4 23513.4 15216.5 13477.6 18150.4 16197.2 15663.3 13804.8 15791.1 20332.6 17638.1 18429.6  #recruits; first value is R0 (virgin)
22.1027  22.1028 22.1023 22.1018 22.1014 22.101 22.0951 22.0841 22.0684 22.0483 22.0242 21.9964 21.9653 21.9314 21.8948 21.8559 21.815 21.7722 21.7279 21.6822 21.6352 21.5871 21.538 21.4881 21.4374 21.3861 21.3343 21.2819 21.2292 21.176 21.1226 21.0688 21.0149 20.9607 20.9065 20.8521 20.7976 20.743 20.6885 20.634 20.5795 20.5252 20.4735 20.354 20.2974 20.2949 20.3503 20.3728 20.3274 20.284 20.189 20.1029 20.028 19.9033 19.796 19.6544 19.5513 19.472 19.4292 19.4608 19.1357 18.9384 18.9498 18.7799 18.5734 18.1982 17.9912 17.9033 17.3928 16.8387 16.6343 16.4439 15.5631 14.8962 13.1956 12.1017 10.9115 10.3823 9.98487 9.73444 9.22284 8.85923 8.74024 8.28248 7.99028 7.90193 7.68748 7.27075 6.81711 6.45469 6.53702 6.80247 7.01409 7.19953 7.37773 7.73228 8.24175 8.70853 8.81781 8.4477 7.4188 6.25619 5.36842 4.72237 3.74584 2.89991 2.48553 2.35703 1.99591 1.80952 1.73999 1.64754 1.60635 1.48569 1.52269 1.60862 1.70763 1.62049 1.65076 1.80221 2.08811 2.2876 2.37952 2.38789 2.55425 2.68908 2.64127 2.62185 2.73481 2.95447 3.27811 3.21509 3.04289 2.93693 2.8147 2.8802 3.6248 4.87619 6.51357 7.89264 8.93211 9.45837 9.65037 9.57493 9.38953 9.20945 9.21652 8.84663 #spbio; first value is SSB_virgin (virgin)
1 0 0 0 0 0 0 0 0 0 0 0 0 0 0 0 0 0 0 0 0 0 0 0 0 0 0 0 0 0 0 0 0 0 0 0 0 0 0 0 0 0 0 0 0 0 0 0 0 0 0 0 0 0 0 0 0 0 0 0 0 0 0 0 0 0 0 0 0 0 0 0 0 0 0 0 0 0 0 0 0 0 0 0 0 0 0 0 0 0 0 0 0 0 0 0 0 0 0 0 0 0 0 0 0 0 0 0 0 0 0 0 0 0 0 0 0 0 0 0 0 0 0 0 0 0 0 0 0 0 0 0 0 0 0 0 0 0 0 0 0 0 0 0 0 0 0 0  # in Bzero
0 1 1 1 1 1 1 1 1 1 1 1 1 1 1 1 1 1 1 1 1 1 1 1 1 1 1 1 1 1 1 1 1 1 1 1 1 1 1 1 1 1 1 1 1 1 1 1 1 1 1 1 1 1 1 1 1 1 1 1 1 1 1 1 1 1 1 1 1 1 1 1 1 1 1 1 1 1 1 1 1 1 1 1 1 1 1 1 1 1 1 1 1 1 1 1 1 1 1 1 1 1 1 1 1 1 1 1 1 1 1 1 1 1 1 1 1 1 1 1 1 1 1 1 1 1 1 1 1 1 1 1 1 1 1 1 1 1 1 1 1 1 1 1 1  0 0 0 # in R project
0 1 1 1 1 1 1 1 1 1 1 1 1 1 1 1 1 1 1 1 1 1 1 1 1 1 1 1 1 1 1 1 1 1 1 1 1 1 1 1 1 1 1 1 1 1 1 1 1 1 1 1 1 1 1 1 1 1 1 1 1 1 1 1 1 1 1 1 1 1 1 1 1 1 1 1 1 1 1 1 1 1 1 1 1 1 1 1 1 1 1 1 1 1 1 1 1 1 1 1 1 1 1 1 1 1 1 1 1 1 1 1 1 1 1 1 1 1 1 1 1 1 1 1 1 1 1 1 1 1 1 1 1 1 1 1 1 1 1 1 1 1 1 1 1  0 0 0 # in R/S project
# Number of years with pre-specified catches
0
# catches for years with pre-specified catches go next
# Number of future recruitments to override
2
# Process for overiding (-1 for average otherwise index in data list)
2014 1 2014
2015 1 2015
# Which probability to product detailed results for (1=0.5; 2=0.6; etc.)
3
# Steepness sigma-R Auto-correlation
0.8 0.5 0
# Target SPR rate (FMSY Proxy); manually change to SPR_MSY if not using SPR_target
0.3
# Discount rate (for cumulative catch)
0.1
# Truncate the series when 0.4B0 is reached (1=Yes)
0
# Set F to FMSY once 0.4B0 is reached (1=Yes)
0
# Maximum possible F for projection (-1 to set to FMSY)
-1
# Defintion of recovery (1=now only;2=now or before)
2
# Projection type
4
# Definition of the 40-10 rule
10 40
# Sigma Assessment Error (Base, Year1, Slope, MaxSigma)
1.0 2023 0.075 2.0
# Pstar
0.45
# Constrain catches by the ABC (1=yes, 2=no)
2
# Implementation Error (0=no; 1=lognormal; 2=uniform)
0
#Parameters of Implementaion Error
1 0.3
# Calculate coefficients of variation (1=Yes)
0
# Number of replicates to use
10
# Random number seed
-99004
# File with multiple parameter vectors 
rebuild.SSO
# User-specific projection (1=Yes); Output replaced (1->9)
0  5
# Catches and Fs (Year; 1/2/3 (F or C or SPR); value); Final row is -1
2022 1 1
-1 -1 -1
# Fixed catch project (1=Yes); Output replaced (1->9); Approach (-1=Read in else 1-9)
0 2 -1
# (48a) Special catch options (1-Yes) [CUT_OFF, Emsy, distribution, MAXCAT, Add, replace_code]
0 0.18 1.00 1.00 0 6
# (48b) B1Target
150000
# Split of Fs
2015  0.44562
 0.55438
-1  1 1 1 1 1
# Yrs to define T_target for projection type 4 (a.k.a. 5 pre-specified inputs)
2028 2029 2030 2031 2032 
# Year for probability of recovery
2032 2033 2034 2035 2036 2037 2038 2039
# Time varying weight-at-age (1=Yes;0=No)
0
# File with time series of weight-at-age data
none
# Use bisection (0) or linear interpolation (1)
1
# Target Depletion
0.4
# CV of implementation error
0
